
 aiku_20160714_16380.rttm 0.54 0.81 0.65
 aiku_20160714_19980.rttm 0.59 0.84 0.69
 aiku_20160714_1980.rttm 0.55 0.76 0.64
 aiku_20160714_5580.rttm 0.58 0.87 0.69
 aiku_20160714_30780.rttm 0.65 0.95 0.77
 aiku_20160714_12780.rttm 0.56 0.87 0.68
 aiku_20160714_37980.rttm 0.51 0.96 0.67
 aiku_20160714_34380.rttm 0.66 0.96 0.78
 aiku_20160714_41580.rttm 0.77 0.95 0.85
 aiku_20160714_27180.rttm 0.79 0.89 0.84
 aiku_20160715_16380.rttm 0.56 0.81 0.66
 aiku_20160714_77880.rttm 0.51 0.89 0.65
 aiku_20160714_9180.rttm 0.53 0.63 0.57
 aiku_20160715_23580.rttm 0.56 0.80 0.66
 aiku_20160715_1980.rttm 0.73 0.67 0.70
 aiku_20160715_19980.rttm 0.55 0.51 0.53
 aiku_20160715_34380.rttm 0.80 0.76 0.78
 aiku_20160715_27180.rttm 0.77 0.57 0.65
 aiku_20160715_12780.rttm 0.90 0.97 0.93
 aiku_20160715_37980.rttm 0.55 0.85 0.67
 aiku_20160715_5580.rttm 0.76 0.86 0.81
 aiku_20160715_9180.rttm 0.53 0.97 0.69
 aiku_20160716_1980.rttm 0.61 0.82 0.70
 aiku_20160715_77880.rttm 0.54 0.62 0.58
 aiku_20160716_27180.rttm 0.84 0.66 0.74
 aiku_20160716_16380.rttm 0.55 0.69 0.61
 aiku_20160716_23580.rttm 0.60 0.78 0.68
 aiku_20160716_19980.rttm 0.60 0.73 0.66
 aiku_20160716_12780.rttm 0.60 0.65 0.62
 aiku_20160716_30780.rttm 0.67 0.75 0.71
 aiku_20160716_37980.rttm 0.83 0.80 0.81
 aiku_20160716_41580.rttm 0.60 0.77 0.67
 aiku_20160716_5580.rttm 0.70 0.62 0.66
 aiku_20160717_12780.rttm 0.55 0.94 0.69
 aiku_20160717_1980.rttm 0.53 0.77 0.63
 aiku_20160717_19980.rttm 0.65 0.84 0.74
 aiku_20160717_27180.rttm 0.53 0.83 0.64
 aiku_20160717_16380.rttm 0.63 0.71 0.67
 aiku_20160717_23580.rttm 0.52 0.90 0.66
 aiku_20160717_30780.rttm 0.91 0.73 0.81
 aiku_20160716_9180.rttm 0.57 0.77 0.66
 aiku_20160717_37980.rttm 0.73 0.76 0.74
 aiku_20160717_34380.rttm 0.75 0.60 0.67
 aiku_20160717_41580.rttm 0.57 0.79 0.66
 aiku_20160717_5580.rttm 0.86 0.71 0.78
 aiku_20160717_9180.rttm 0.58 0.78 0.66
 aiku_20161109_12780.rttm 0.79 0.56 0.65
 aiku_20161109_16380.rttm 0.93 0.56 0.70
 aiku_20161109_27180.rttm 0.51 0.77 0.61
 aiku_20161109_23580.rttm 0.53 0.56 0.54
 aiku_20161109_1980.rttm 0.91 0.72 0.80
 aiku_20161109_30780.rttm 0.73 0.54 0.62
 aiku_20161109_34380.rttm 0.70 0.62 0.66
 aiku_20161109_37980.rttm 0.54 0.86 0.66
 aiku_20161109_19980.rttm 0.56 0.73 0.64
 aiku_20161109_41580.rttm 0.99 0.99 0.99
 aiku_20161109_45180.rttm 0.64 0.90 0.75
 aiku_20161109_5580.rttm 0.65 0.65 0.65
 aiku_20161109_77880.rttm 0.66 0.79 0.72
 aiku_20161110_12780.rttm 0.59 0.70 0.64
 aiku_20161110_16380.rttm 0.72 0.72 0.72
 aiku_20161110_19980.rttm 0.56 0.89 0.69
 aiku_20161110_1980.rttm 0.79 0.54 0.64
 aiku_20161109_9180.rttm 1.00 0.50 0.67
 aiku_20161110_23580.rttm 0.79 0.83 0.81
 aiku_20161110_27180.rttm 0.66 0.63 0.65
 aiku_20161110_30780.rttm 0.85 0.95 0.90
 aiku_20161110_34380.rttm 1.00 0.67 0.80
 aiku_20161110_5580.rttm 0.68 0.66 0.67
 aiku_20161110_74280.rttm 0.59 0.76 0.66
 aiku_20161110_9180.rttm 0.98 0.97 0.98
 aiku_20161111_16380.rttm 0.67 0.61 0.64
 aiku_20161110_77880.rttm 0.63 0.66 0.64
 aiku_20161111_1980.rttm 0.58 0.65 0.61
 aiku_20161111_23580.rttm 0.89 0.82 0.85
 aiku_20161111_12780.rttm 0.59 0.75 0.66
 aiku_20161111_30780.rttm 0.95 0.77 0.85
 aiku_20161111_27180.rttm 0.89 0.78 0.83
 aiku_20161111_19980.rttm 0.85 0.54 0.66
 aiku_20161111_34380.rttm 0.51 0.95 0.67
 aiku_20161111_37980.rttm 0.92 0.57 0.71
 aiku_20161111_48780.rttm 0.89 0.93 0.91
 aiku_20161111_41580.rttm 0.77 0.53 0.63
 aiku_20161111_5580.rttm 0.85 0.53 0.65
 aiku_20170314_12780.rttm 0.67 0.74 0.70
 aiku_20161111_77880.rttm 0.65 0.75 0.70
 aiku_20161111_9180.rttm 0.95 0.63 0.76
 aiku_20170314_16380.rttm 0.79 0.66 0.72
 aiku_20170314_1980.rttm 0.67 0.74 0.70
 aiku_20170314_27180.rttm 0.61 0.75 0.67
 aiku_20170314_23580.rttm 0.56 0.80 0.66
 aiku_20170314_30780.rttm 0.52 0.53 0.52
 aiku_20170314_19980.rttm 0.68 0.84 0.75
 aiku_20170314_34380.rttm 0.68 0.89 0.77
 aiku_20170314_41580.rttm 0.98 0.96 0.97
 aiku_20170314_45180.rttm 0.74 0.85 0.79
 aiku_20170314_37980.rttm 0.79 0.65 0.71
 aiku_20170314_52380.rttm 0.92 0.95 0.93
 aiku_20170314_48780.rttm 1.00 0.96 0.98
 aiku_20170314_5580.rttm 0.53 0.89 0.66
 aiku_20170314_77880.rttm 0.54 0.79 0.65
 aiku_20170314_81480.rttm 0.65 0.89 0.75
 aiku_20170315_12780.rttm 0.81 0.55 0.66
 aiku_20170314_9180.rttm 0.60 0.85 0.70
 aiku_20170315_16380.rttm 0.75 0.55 0.63
 aiku_20170315_1980.rttm 0.53 0.92 0.67
 aiku_20170315_19980.rttm 0.76 0.58 0.66
 aiku_20170315_27180.rttm 1.00 0.86 0.93
 aiku_20170315_23580.rttm 0.61 0.75 0.68
 aiku_20170315_30780.rttm 0.68 0.53 0.60
 aiku_20170315_41580.rttm 0.60 0.75 0.67
 aiku_20170315_34380.rttm 0.69 0.61 0.64
 aiku_20170315_5580.rttm 0.64 0.78 0.70
 aiku_20170315_81480.rttm 0.81 0.73 0.77
 aiku_20170315_9180.rttm 0.74 0.92 0.82
 aoaa_20160714_12780.rttm 0.62 0.66 0.64
 aoaa_20160714_16380.rttm 0.66 0.89 0.75
 aoaa_20160714_23580.rttm 0.82 0.55 0.66
 aoaa_20160714_27180.rttm 0.65 0.84 0.73
 aoaa_20160714_41580.rttm 0.58 0.78 0.67
 aoaa_20160714_30780.rttm 0.62 0.73 0.67
 aoaa_20160714_34380.rttm 1.00 0.91 0.96
 aoaa_20160714_37980.rttm 1.00 0.70 0.82
 aoaa_20160714_5580.rttm 0.86 0.93 0.89
 aoaa_20160714_9180.rttm 0.68 0.84 0.75
 aoaa_20160715_1980.rttm 0.61 0.80 0.69
 aoaa_20160715_23580.rttm 0.52 0.77 0.62
 aoaa_20160715_27180.rttm 0.54 0.92 0.68
 aoaa_20160715_30780.rttm 0.51 0.90 0.65
 aoaa_20160715_19980.rttm 0.66 0.74 0.70
 aoaa_20160715_34380.rttm 0.76 0.90 0.83
 aoaa_20160715_37980.rttm 0.62 0.72 0.66
 aoaa_20160715_52380.rttm 0.90 0.95 0.92
 aoaa_20160715_9180.rttm 0.64 0.79 0.71
 aoaa_20160716_12780.rttm 0.64 0.82 0.72
 aoaa_20160716_1980.rttm 0.97 0.68 0.80
 aoaa_20160716_16380.rttm 0.84 0.89 0.87
 aoaa_20160716_19980.rttm 0.60 0.87 0.71
 aoaa_20160716_30780.rttm 0.81 0.56 0.66
 aoaa_20160716_45180.rttm 0.57 0.84 0.68
 aoaa_20160716_34380.rttm 1.00 0.75 0.86
 aoaa_20160716_23580.rttm 0.64 0.71 0.67
 aoaa_20160716_41580.rttm 0.69 0.59 0.63
 aoaa_20160716_27180.rttm 0.55 0.86 0.67
 aoaa_20160716_37980.rttm 0.76 0.67 0.71
 aoaa_20160716_5580.rttm 0.57 0.93 0.71
 aoaa_20160717_16380.rttm 0.63 0.84 0.72
 aoaa_20160716_9180.rttm 0.78 0.94 0.85
 aoaa_20160717_12780.rttm 0.66 0.79 0.72
 aoaa_20160717_1980.rttm 0.97 0.55 0.70
 aoaa_20160717_19980.rttm 0.79 0.55 0.65
 aoaa_20160717_23580.rttm 0.60 0.61 0.61
 aoaa_20160717_30780.rttm 0.57 0.72 0.64
 aoaa_20160717_27180.rttm 0.57 0.81 0.67
 aoaa_20160717_34380.rttm 1.00 0.91 0.95
 aoaa_20160717_41580.rttm 0.57 0.65 0.61
 aoaa_20160717_45180.rttm 0.58 0.63 0.60
 aoaa_20160717_5580.rttm 0.69 0.83 0.76
 aoaa_20161112_1980.rttm 0.63 0.63 0.63
 aoaa_20160717_9180.rttm 0.52 0.97 0.68
 aoaa_20161112_12780.rttm 0.65 0.67 0.66
 aoaa_20161112_16380.rttm 0.72 0.59 0.65
 aoaa_20161112_19980.rttm 0.90 0.95 0.92
 aoaa_20161112_23580.rttm 0.82 0.52 0.64
 aoaa_20161112_37980.rttm 0.60 0.70 0.65
 aoaa_20161112_34380.rttm 0.73 0.84 0.78
 aoaa_20161112_27180.rttm 0.57 0.72 0.64
 aoaa_20161112_41580.rttm 0.98 0.88 0.93
 aoaa_20161112_30780.rttm 0.63 0.71 0.67
 aoaa_20161112_5580.rttm 0.60 0.73 0.66
 aoaa_20161113_12780.rttm 0.56 0.84 0.67
 aoaa_20161112_9180.rttm 0.94 0.52 0.67
 aoaa_20161113_16380.rttm 0.55 0.85 0.67
 aoaa_20161113_1980.rttm 0.59 0.62 0.61
 aoaa_20161113_19980.rttm 0.92 0.62 0.74
 aoaa_20161113_23580.rttm 1.00 0.96 0.98
 aoaa_20161113_27180.rttm 0.51 0.63 0.57
 aoaa_20161113_34380.rttm 1.00 0.90 0.95
 aoaa_20161113_30780.rttm 0.69 0.63 0.66
 aoaa_20161113_9180.rttm 0.65 0.79 0.71
 aoaa_20161114_12780.rttm 0.84 0.59 0.70
 aoaa_20161113_5580.rttm 0.96 0.58 0.72
 aoaa_20161114_1980.rttm 0.95 0.67 0.79
 aoaa_20161114_16380.rttm 1.00 1.00 1.00
 aoaa_20161114_19980.rttm 0.73 0.74 0.74
 aoaa_20161114_27180.rttm 1.00 0.65 0.79
 aoaa_20161114_34380.rttm 0.65 0.80 0.72
 aoaa_20161114_30780.rttm 0.58 0.64 0.61
 aoaa_20161114_5580.rttm 0.99 0.50 0.67
 aoaa_20161114_9180.rttm 0.66 0.74 0.70
 aoaa_20170311_16380.rttm 0.63 0.97 0.77
 aoaa_20170311_1980.rttm 0.82 0.95 0.88
 aoaa_20170311_12780.rttm 0.79 0.66 0.72
 aoaa_20170311_23580.rttm 0.69 0.62 0.65
 aoaa_20170311_19980.rttm 0.76 0.80 0.78
 aoaa_20170311_27180.rttm 0.77 0.69 0.73
 aoaa_20170311_30780.rttm 0.84 0.62 0.71
 aoaa_20170311_34380.rttm 0.87 0.94 0.90
 aoaa_20170311_37980.rttm 0.57 0.97 0.72
 aoaa_20170311_52380.rttm 0.82 0.85 0.84
 aoaa_20170311_45180.rttm 0.66 0.74 0.69
 aoaa_20170311_5580.rttm 0.67 0.69 0.68
 aoaa_20170312_12780.rttm 0.66 0.68 0.67
 aoaa_20170312_16380.rttm 0.58 0.75 0.65
 aoaa_20170312_19980.rttm 0.54 0.70 0.61
 aoaa_20170311_9180.rttm 0.77 0.69 0.73
 aoaa_20170312_1980.rttm 0.73 0.86 0.79
 aoaa_20170312_27180.rttm 0.60 0.98 0.74
 aoaa_20170312_23580.rttm 0.73 0.91 0.81
 aoaa_20170312_34380.rttm 0.53 0.70 0.60
 aoaa_20170312_30780.rttm 0.58 0.79 0.67
 aoaa_20170313_12780.rttm 0.54 0.87 0.67
 aoaa_20170312_9180.rttm 0.86 0.92 0.89
 aoaa_20170312_5580.rttm 0.59 0.93 0.72
 aoaa_20170313_1980.rttm 0.59 0.64 0.62
 aoaa_20170313_16380.rttm 0.65 0.83 0.73
 aoaa_20170313_23580.rttm 0.62 0.70 0.66
 aoaa_20170313_30780.rttm 0.59 0.78 0.67
 aoaa_20170313_27180.rttm 0.76 0.91 0.83
 aoaa_20170313_41580.rttm 0.63 0.71 0.67
 aoaa_20170313_34380.rttm 0.63 0.64 0.64
 aoaa_20170313_37980.rttm 0.84 0.93 0.88
 aoaa_20170313_45180.rttm 0.69 0.78 0.74
 aoaa_20170313_5580.rttm 0.70 0.87 0.78
 eiun_20160711_12780.rttm 0.63 0.68 0.66
 aoaa_20170313_9180.rttm 0.58 0.74 0.65
 aoaa_20170313_48780.rttm 0.86 0.87 0.87
 eiun_20160711_16380.rttm 0.80 0.62 0.70
 eiun_20160711_1980.rttm 0.53 0.86 0.65
 eiun_20160711_5580.rttm 0.61 0.94 0.74
 eiun_20160711_9180.rttm 0.75 0.60 0.66
 eiun_20160713_16380.rttm 0.57 0.88 0.70
 eiun_20160713_12780.rttm 0.64 1.00 0.78
 eiun_20160713_1980.rttm 0.65 0.66 0.65
 eiun_20160713_19980.rttm 0.63 0.69 0.66
 eiun_20160713_23580.rttm 0.54 0.72 0.61
 eiun_20160713_27180.rttm 0.79 0.57 0.66
 eiun_20160713_45180.rttm 0.65 0.67 0.66
 eiun_20160713_41580.rttm 0.52 0.72 0.60
 eiun_20160713_30780.rttm 0.74 0.52 0.61
 eiun_20160713_37980.rttm 0.92 0.67 0.77
 eiun_20160713_5580.rttm 0.76 0.62 0.68
 eiun_20160713_77880.rttm 0.58 0.96 0.72
 eiun_20160713_9180.rttm 0.76 0.76 0.76
 eiun_20161112_12780.rttm 0.81 0.75 0.78
 eiun_20161112_16380.rttm 0.95 0.54 0.69
 eiun_20161112_1980.rttm 0.63 0.55 0.59
 eiun_20161112_23580.rttm 0.68 0.57 0.62
 eiun_20161112_19980.rttm 0.68 0.62 0.65
 eiun_20161112_27180.rttm 0.62 0.66 0.64
 eiun_20161112_30780.rttm 0.63 0.68 0.65
 eiun_20161112_34380.rttm 0.93 0.54 0.68
 eiun_20161112_41580.rttm 0.64 0.64 0.64
 eiun_20161112_37980.rttm 0.82 0.92 0.87
 eiun_20161112_45180.rttm 0.90 0.65 0.76
 eiun_20161112_5580.rttm 0.87 0.79 0.83
 eiun_20161113_12780.rttm 0.64 0.68 0.66
 eiun_20161113_16380.rttm 0.60 0.70 0.65
 eiun_20161112_9180.rttm 0.93 0.61 0.74
 eiun_20161113_19980.rttm 0.52 0.91 0.66
 eiun_20161113_41580.rttm 0.57 0.66 0.61
 eiun_20161113_30780.rttm 0.84 0.53 0.65
 eiun_20161113_1980.rttm 0.68 0.63 0.65
 eiun_20161113_37980.rttm 0.95 0.96 0.96
 eiun_20161113_5580.rttm 0.59 0.80 0.68
 eiun_20161114_12780.rttm 0.92 0.50 0.65
 eiun_20161113_9180.rttm 0.80 0.90 0.85
 eiun_20161113_74280.rttm 0.55 0.94 0.69
 eiun_20161114_1980.rttm 0.66 0.58 0.62
 eiun_20161114_16380.rttm 0.91 0.63 0.74
 eiun_20161114_30780.rttm 0.77 0.52 0.62
 eiun_20161114_19980.rttm 0.92 0.72 0.81
 eiun_20161114_27180.rttm 0.60 0.52 0.56
 eiun_20161114_5580.rttm 0.70 0.78 0.74
 eiun_20161114_59880.rttm 0.76 0.85 0.80
 eiun_20161114_9180.rttm 0.84 0.53 0.65
 eiun_20161114_77880.rttm 0.73 0.56 0.64
 eiun_20170308_12780.rttm 0.68 0.65 0.66
 eiun_20170308_16380.rttm 0.65 0.67 0.66
 eiun_20170308_19980.rttm 0.98 0.98 0.98
 eiun_20170308_1980.rttm 0.88 0.69 0.77
 eiun_20170308_27180.rttm 0.61 0.76 0.68
 eiun_20170308_23580.rttm 0.62 0.97 0.76
 eiun_20170308_30780.rttm 0.56 0.64 0.60
 eiun_20170308_41580.rttm 0.79 0.57 0.67
 eiun_20170308_34380.rttm 0.89 0.66 0.76
 eiun_20170308_37980.rttm 0.67 0.67 0.67
 eiun_20170308_52380.rttm 0.96 0.97 0.97
 eiun_20170308_5580.rttm 0.56 0.87 0.68
 eiun_20170308_67080.rttm 0.92 0.98 0.95
 eiun_20170308_77880.rttm 0.52 0.93 0.67
 eiun_20170309_12780.rttm 0.79 0.63 0.70
 eiun_20170309_16380.rttm 0.77 0.62 0.69
 eiun_20170309_19980.rttm 0.60 0.79 0.68
 eiun_20170309_1980.rttm 0.87 0.51 0.64
 eiun_20170309_27180.rttm 0.74 0.60 0.66
 eiun_20170309_34380.rttm 0.74 0.70 0.72
 eiun_20170309_23580.rttm 0.58 0.83 0.69
 eiun_20170309_9180.rttm 0.86 0.65 0.74
 eiun_20170309_30780.rttm 0.63 0.61 0.62
 eiun_20170310_16380.rttm 0.63 0.75 0.68
 eiun_20170310_1980.rttm 0.63 0.98 0.77
 eiun_20170309_5580.rttm 0.73 0.73 0.73
 eiun_20170310_12780.rttm 0.54 0.80 0.65
 eiun_20170310_19980.rttm 0.76 0.55 0.64
 eiun_20170310_23580.rttm 0.94 0.61 0.74
 eiun_20170310_27180.rttm 0.56 0.61 0.58
 eiun_20170310_34380.rttm 0.57 0.70 0.62
 eiun_20170310_37980.rttm 0.60 0.82 0.69
 eiun_20170310_48780.rttm 0.65 0.69 0.67
 eiun_20170310_5580.rttm 0.70 0.53 0.61
 eoak_20160714_1980.rttm 0.70 0.69 0.70
 eiun_20170310_9180.rttm 0.55 0.77 0.64
 eoak_20160714_12780.rttm 0.99 0.99 0.99
 eoak_20160714_23580.rttm 0.53 0.89 0.67
 eoak_20160714_19980.rttm 0.64 0.84 0.73
 eoak_20160714_34380.rttm 0.64 0.87 0.74
 eoak_20160714_37980.rttm 0.82 0.53 0.65
 eoak_20160714_41580.rttm 0.54 0.87 0.67
 eoak_20160714_5580.rttm 0.67 0.99 0.80
 eoak_20160714_9180.rttm 0.52 0.71 0.60
 eoak_20160715_12780.rttm 0.83 0.60 0.70
 eoak_20160715_23580.rttm 0.95 0.85 0.90
 eoak_20160715_34380.rttm 0.53 0.93 0.67
 eoak_20160715_30780.rttm 0.57 0.87 0.69
 eoak_20160715_27180.rttm 0.79 0.75 0.77
 eoak_20160715_41580.rttm 0.68 0.92 0.79
 eoak_20160715_48780.rttm 0.83 0.98 0.90
 eoak_20160715_45180.rttm 0.51 0.60 0.55
 eoak_20160715_5580.rttm 0.71 0.52 0.60
 eoak_20160715_9180.rttm 0.63 0.75 0.68
 eoak_20160716_16380.rttm 0.57 0.86 0.68
 eoak_20160716_1980.rttm 0.82 0.73 0.77
 eoak_20160716_19980.rttm 0.57 0.91 0.70
 eoak_20160716_12780.rttm 0.66 0.81 0.72
 eoak_20160716_23580.rttm 0.63 0.84 0.72
 eoak_20160716_30780.rttm 0.73 0.97 0.83
 eoak_20160716_27180.rttm 0.51 0.96 0.67
 eoak_20160716_37980.rttm 1.00 0.96 0.98
 eoak_20160716_5580.rttm 0.62 0.91 0.74
 eoak_20160717_1980.rttm 0.61 0.73 0.66
 eoak_20160716_9180.rttm 0.57 0.81 0.67
 eoak_20160717_16380.rttm 0.55 0.85 0.67
 eoak_20160717_27180.rttm 0.61 0.99 0.76
 eoak_20160717_23580.rttm 0.59 0.79 0.68
 eoak_20160717_30780.rttm 0.61 0.87 0.72
 eoak_20160717_34380.rttm 0.89 0.94 0.91
 eoak_20160717_37980.rttm 0.62 0.78 0.69
 eoak_20160717_41580.rttm 0.85 0.93 0.89
 eoak_20160717_5580.rttm 0.73 0.93 0.82
 eoak_20161112_16380.rttm 0.58 0.67 0.63
 eoak_20160717_9180.rttm 0.53 0.86 0.66
 eoak_20161112_12780.rttm 0.50 0.81 0.62
 eoak_20161112_1980.rttm 0.63 0.74 0.68
 eoak_20161112_19980.rttm 1.00 0.58 0.73
 eoak_20161112_23580.rttm 0.68 0.76 0.72
 eoak_20161112_27180.rttm 0.59 0.79 0.68
 eoak_20161112_37980.rttm 0.56 0.78 0.65
 eoak_20161112_34380.rttm 0.79 0.84 0.81
 eoak_20161112_41580.rttm 0.73 0.95 0.82
 eoak_20161112_5580.rttm 0.67 0.64 0.65
 eoak_20161113_12780.rttm 0.92 0.95 0.93
 eoak_20161113_16380.rttm 0.57 0.72 0.63
 eoak_20161113_1980.rttm 0.68 0.90 0.77
 eoak_20161113_27180.rttm 0.79 0.91 0.85
 eoak_20161113_19980.rttm 0.76 0.52 0.62
 eoak_20161113_23580.rttm 0.55 0.91 0.69
 eoak_20161113_30780.rttm 0.55 0.86 0.67
 eoak_20161113_34380.rttm 0.58 0.93 0.71
 eoak_20161113_37980.rttm 0.99 0.85 0.92
 eoak_20161114_12780.rttm 0.74 0.77 0.75
 eoak_20161114_16380.rttm 0.81 0.63 0.71
 eoak_20161114_1980.rttm 0.74 0.76 0.75
 eoak_20161114_19980.rttm 0.96 0.77 0.85
 eoak_20161114_23580.rttm 0.60 0.71 0.65
 eoak_20161114_30780.rttm 0.60 0.69 0.64
 eoak_20161114_27180.rttm 0.80 0.95 0.87
 eoak_20161114_9180.rttm 0.60 0.66 0.63
 eoak_20170311_16380.rttm 0.91 0.69 0.79
 eoak_20170311_12780.rttm 0.52 0.91 0.66
 eoak_20170311_27180.rttm 0.88 1.00 0.93
 eoak_20170311_1980.rttm 0.71 0.92 0.80
 eoak_20170311_19980.rttm 0.56 0.87 0.68
 eoak_20170311_34380.rttm 0.74 0.72 0.73
 eoak_20170311_37980.rttm 0.78 0.57 0.66
 eoak_20170311_5580.rttm 0.95 0.69 0.80
 eoak_20170311_81480.rttm 0.60 0.74 0.66
 eoak_20170312_12780.rttm 0.57 0.79 0.66
 eoak_20170312_16380.rttm 0.63 0.69 0.66
 eoak_20170312_1980.rttm 0.55 0.94 0.69
 eoak_20170311_77880.rttm 0.74 0.87 0.80
 eoak_20170312_19980.rttm 0.78 0.50 0.61
 eoak_20170311_9180.rttm 0.57 0.87 0.69
 eoak_20170312_34380.rttm 0.52 0.81 0.63
 eoak_20170312_27180.rttm 0.60 0.82 0.69
 eoak_20170312_23580.rttm 0.62 0.92 0.74
 eoak_20170312_30780.rttm 0.59 0.72 0.65
 eoak_20170312_37980.rttm 0.66 0.83 0.74
 eoak_20170312_5580.rttm 0.76 0.60 0.67
 eoak_20170313_1980.rttm 0.58 0.76 0.66
 eoak_20170312_81480.rttm 0.64 0.75 0.69
 eoak_20170313_16380.rttm 0.73 0.71 0.72
 eoak_20170313_19980.rttm 0.56 0.78 0.66
 eoak_20170312_9180.rttm 0.83 0.55 0.66
 eoak_20170313_12780.rttm 0.56 0.76 0.65
 eoak_20170313_23580.rttm 0.52 0.91 0.66
 eoak_20170313_27180.rttm 0.88 0.94 0.91
 eoak_20170313_34380.rttm 0.71 0.59 0.65
 eoak_20170313_37980.rttm 0.55 0.89 0.68
 eoak_20170313_30780.rttm 0.69 0.84 0.76
 eoak_20170313_48780.rttm 0.98 0.99 0.98
 eoak_20170313_52380.rttm 1.00 0.92 0.96
 eoak_20170313_5580.rttm 0.56 0.77 0.65
 eoak_20170313_77880.rttm 0.54 0.69 0.60
 eoxk_20170314_16380.rttm 0.62 0.86 0.72
 eoxk_20170314_23580.rttm 0.64 0.69 0.66
 eoxk_20170314_12780.rttm 0.72 0.91 0.80
 eoxk_20170314_1980.rttm 0.73 0.63 0.67
 eoxk_20170314_37980.rttm 0.81 0.94 0.87
 eoxk_20170314_19980.rttm 0.97 0.97 0.97
 eoxk_20170314_30780.rttm 0.53 0.96 0.68
 eoxk_20170314_34380.rttm 0.54 0.74 0.62
 eoxk_20170314_52380.rttm 0.73 0.74 0.73
 eoxk_20170314_9180.rttm 0.54 0.71 0.61
 eoxk_20170315_16380.rttm 0.85 0.62 0.71
 eoxk_20170315_12780.rttm 0.73 0.59 0.65
 eoxk_20170315_23580.rttm 0.65 0.87 0.75
 eoxk_20170315_1980.rttm 0.89 0.74 0.81
 eoxk_20170315_19980.rttm 0.81 0.71 0.76
 eoxk_20170315_27180.rttm 0.60 0.73 0.66
 eoxk_20170315_30780.rttm 0.63 0.79 0.70
 eoxk_20170315_34380.rttm 0.87 0.98 0.92
 eoxk_20170315_37980.rttm 0.63 0.88 0.73
 eoxk_20170315_41580.rttm 0.66 0.77 0.71
 eoxk_20170315_45180.rttm 0.72 0.91 0.81
 eoxk_20170315_5580.rttm 1.00 0.82 0.90
 eoxk_20170315_9180.rttm 0.73 0.81 0.77
 noxk_20160714_12780.rttm 0.97 0.80 0.88
 noxk_20160714_19980.rttm 0.84 0.89 0.86
 noxk_20160714_1980.rttm 0.61 0.73 0.67
 noxk_20160714_30780.rttm 0.62 0.72 0.66
 noxk_20160714_37980.rttm 0.64 0.73 0.68
 noxk_20160715_12780.rttm 0.55 0.76 0.64
 noxk_20160714_41580.rttm 0.96 0.52 0.67
 noxk_20160715_1980.rttm 0.58 0.74 0.65
 noxk_20160715_19980.rttm 0.99 0.99 0.99
 noxk_20160715_27180.rttm 0.68 0.87 0.77
 noxk_20160715_34380.rttm 0.53 0.90 0.67
 noxk_20160715_23580.rttm 0.66 0.67 0.66
 noxk_20160715_30780.rttm 0.80 0.84 0.82
 noxk_20160715_37980.rttm 0.60 0.79 0.68
 noxk_20160715_9180.rttm 0.67 0.85 0.75
 noxk_20160715_5580.rttm 0.63 0.68 0.66
 noxk_20160716_12780.rttm 0.62 0.67 0.64
 noxk_20160716_1980.rttm 0.63 0.55 0.59
 noxk_20160716_19980.rttm 0.63 0.95 0.76
 noxk_20160716_27180.rttm 0.53 0.96 0.69
 noxk_20160716_16380.rttm 0.66 0.97 0.79
 noxk_20160716_23580.rttm 0.80 0.51 0.62
 noxk_20160716_30780.rttm 0.59 0.67 0.63
 noxk_20160716_34380.rttm 0.71 0.78 0.74
 noxk_20160716_37980.rttm 0.60 0.84 0.70
 noxk_20160716_5580.rttm 0.53 0.83 0.65
 noxk_20160716_55980.rttm 0.86 0.87 0.87
 noxk_20160716_9180.rttm 0.66 0.67 0.66
 noxk_20160717_19980.rttm 0.57 0.71 0.64
 noxk_20160717_27180.rttm 0.83 0.93 0.88
 noxk_20160717_1980.rttm 0.51 0.95 0.67
 noxk_20160717_12780.rttm 0.66 0.66 0.66
 noxk_20160717_9180.rttm 0.65 0.87 0.74
 noxk_20160717_30780.rttm 0.59 0.76 0.67
 noxk_20160717_23580.rttm 0.73 0.65 0.68
 noxk_20160717_5580.rttm 0.55 0.87 0.67
 noxk_20161109_16380.rttm 0.65 0.73 0.69
 noxk_20160717_34380.rttm 0.59 0.78 0.67
 noxk_20161109_12780.rttm 0.71 0.57 0.63
 noxk_20161109_1980.rttm 0.78 0.58 0.67
 noxk_20161109_23580.rttm 0.66 0.78 0.72
 noxk_20161109_27180.rttm 0.65 0.88 0.75
 noxk_20161109_34380.rttm 0.52 0.85 0.64
 noxk_20161109_30780.rttm 0.52 0.90 0.66
 noxk_20161109_5580.rttm 0.67 0.66 0.67
 noxk_20161109_9180.rttm 0.74 0.75 0.75
 noxk_20161110_1980.rttm 0.55 0.57 0.56
 noxk_20161110_19980.rttm 0.74 0.66 0.70
 noxk_20161110_16380.rttm 0.93 0.86 0.90
 noxk_20161110_12780.rttm 0.66 0.53 0.59
 noxk_20161110_27180.rttm 0.71 0.81 0.76
 noxk_20161110_23580.rttm 0.59 0.62 0.61
 noxk_20161110_30780.rttm 1.00 0.88 0.94
 noxk_20161110_5580.rttm 0.72 0.75 0.73
 noxk_20161110_9180.rttm 0.56 0.52 0.54
 noxk_20161111_12780.rttm 0.77 0.82 0.79
 noxk_20161111_34380.rttm 0.83 0.89 0.86
 noxk_20161111_1980.rttm 0.70 0.58 0.63
 noxk_20170311_12780.rttm 0.89 0.75 0.81
 noxk_20161111_9180.rttm 0.82 0.97 0.89
 noxk_20170311_16380.rttm 0.59 0.89 0.71
 noxk_20170311_19980.rttm 0.79 0.62 0.69
 noxk_20170311_27180.rttm 0.78 0.98 0.87
 noxk_20170311_34380.rttm 0.87 0.59 0.70
 noxk_20170311_23580.rttm 0.69 0.63 0.66
 noxk_20170311_30780.rttm 0.68 0.81 0.74
 noxk_20170311_37980.rttm 0.63 0.58 0.61
 noxk_20170311_5580.rttm 0.70 0.93 0.80
 noxk_20170311_9180.rttm 0.93 0.69 0.79
 noxk_20170312_1980.rttm 0.76 0.86 0.81
 noxk_20170312_12780.rttm 0.58 0.82 0.68
 noxk_20170312_19980.rttm 0.60 0.97 0.74
 noxk_20170312_23580.rttm 0.66 0.67 0.67
 noxk_20170312_16380.rttm 0.73 0.78 0.76
 noxk_20170312_30780.rttm 0.57 0.79 0.66
 noxk_20170312_27180.rttm 0.64 0.60 0.62
 noxk_20170312_5580.rttm 0.71 0.55 0.62
 noxk_20170312_34380.rttm 0.53 0.78 0.63
 noxk_20170313_12780.rttm 0.64 0.63 0.63
 noxk_20170312_37980.rttm 0.58 0.86 0.69
 noxk_20170313_16380.rttm 0.62 0.95 0.75
 noxk_20170313_1980.rttm 0.60 0.72 0.65
 noxk_20170312_9180.rttm 0.53 0.92 0.67
 noxk_20170313_19980.rttm 0.59 0.78 0.67
 noxk_20170313_27180.rttm 0.71 0.70 0.71
 noxk_20170313_23580.rttm 0.62 0.71 0.66
 noxk_20170313_30780.rttm 0.60 0.71 0.65
 noxk_20170313_37980.rttm 0.83 0.90 0.87
 noxk_20170313_5580.rttm 0.56 0.83 0.67
 noxk_20170313_9180.rttm 0.69 0.91 0.78
 noxk_20170313_34380.rttm 0.60 0.71 0.65
 noxt_20160715_1980.rttm 0.51 0.90 0.65
 noxt_20160715_12780.rttm 0.52 0.93 0.67
 noxt_20160715_19980.rttm 0.65 0.80 0.72
 noxt_20160715_16380.rttm 0.57 0.83 0.67
 noxt_20160715_23580.rttm 0.54 0.86 0.67
 noxt_20160715_27180.rttm 0.77 0.94 0.85
 noxt_20160715_30780.rttm 0.52 0.95 0.67
 noxt_20160715_5580.rttm 0.73 0.74 0.74
 noxt_20160716_12780.rttm 0.61 0.73 0.67
 noxt_20160716_16380.rttm 0.74 0.75 0.75
 noxt_20160715_9180.rttm 0.58 0.90 0.71
 noxt_20160716_1980.rttm 0.66 0.84 0.74
 noxt_20160716_19980.rttm 0.61 0.91 0.73
 noxt_20160716_23580.rttm 0.55 0.84 0.66
 noxt_20160716_27180.rttm 0.57 0.82 0.67
 noxt_20160716_9180.rttm 0.66 0.95 0.78
 noxt_20160717_1980.rttm 0.69 0.84 0.76
 noxt_20160716_5580.rttm 0.69 0.95 0.80
 noxt_20160717_16380.rttm 0.91 0.96 0.94
 noxt_20160717_23580.rttm 0.68 0.71 0.69
 noxt_20160717_27180.rttm 0.57 0.96 0.72
 noxt_20160717_30780.rttm 0.58 0.83 0.68
 noxt_20160717_34380.rttm 0.73 0.74 0.73
 noxt_20160717_5580.rttm 0.59 0.88 0.71
 noxt_20160717_9180.rttm 0.77 0.68 0.72
 noxt_20170314_16380.rttm 0.85 0.95 0.90
 noxt_20160717_41580.rttm 0.72 0.89 0.80
 noxt_20170314_1980.rttm 0.66 0.77 0.71
 noxt_20170314_23580.rttm 0.65 0.76 0.70
 noxt_20170314_19980.rttm 0.68 0.76 0.72
 noxt_20170314_27180.rttm 0.56 0.81 0.66
 noxt_20170314_37980.rttm 0.82 0.83 0.82
 noxt_20170314_9180.rttm 0.94 0.95 0.94
 noxt_20170315_16380.rttm 0.86 0.93 0.90
 noxt_20170315_1980.rttm 0.80 0.90 0.85
 noxt_20170315_27180.rttm 0.79 0.95 0.86
 noxt_20170315_34380.rttm 0.84 0.87 0.85
 noxt_20170315_30780.rttm 0.57 0.75 0.64
 noxt_20170315_45180.rttm 0.92 0.68 0.78
 noxt_20170315_5580.rttm 0.73 0.75 0.74
 oegd_20160710_12780.rttm 0.89 0.91 0.90
 oegd_20160710_1980.rttm 0.53 0.88 0.66
 oegd_20160710_30780.rttm 0.51 0.91 0.66
 oegd_20160710_37980.rttm 0.99 0.99 0.99
 oegd_20160710_9180.rttm 0.58 0.95 0.72
 oegd_20160711_16380.rttm 0.62 0.96 0.75
 oegd_20160711_1980.rttm 0.81 0.90 0.86
 oegd_20160711_12780.rttm 0.55 0.81 0.66
 oegd_20160711_19980.rttm 0.56 0.79 0.66
 oegd_20160710_5580.rttm 0.76 0.90 0.82
 oegd_20160711_30780.rttm 0.53 0.83 0.65
 oegd_20160711_27180.rttm 0.58 0.84 0.69
 oegd_20160711_23580.rttm 0.63 0.83 0.71
 oegd_20160711_34380.rttm 1.00 0.94 0.97
 oegd_20160711_37980.rttm 0.52 0.98 0.68
 oegd_20160711_9180.rttm 0.68 0.84 0.75
 oegd_20160712_16380.rttm 0.88 0.88 0.88
 oegd_20160711_5580.rttm 0.76 0.98 0.86
 oegd_20160712_12780.rttm 0.62 0.93 0.74
 oegd_20160712_1980.rttm 0.54 0.96 0.69
 oegd_20160712_19980.rttm 0.73 0.86 0.79
 oegd_20160712_27180.rttm 0.74 0.96 0.83
 oegd_20160712_23580.rttm 0.58 0.90 0.70
 oegd_20160712_34380.rttm 0.53 0.89 0.67
 oegd_20160712_30780.rttm 0.81 0.88 0.85
 oegd_20160712_9180.rttm 0.61 0.96 0.75
 oegd_20160712_5580.rttm 0.65 0.90 0.75
 oegd_20160713_1980.rttm 0.57 0.82 0.67
 oegd_20160713_12780.rttm 0.71 0.60 0.65
 oegd_20160713_16380.rttm 0.57 0.59 0.58
 oegd_20160713_23580.rttm 0.62 0.73 0.67
 oegd_20160713_27180.rttm 0.64 0.84 0.73
 oegd_20160713_34380.rttm 0.52 0.82 0.64
 oegd_20160713_30780.rttm 0.56 0.80 0.66
 oegd_20160713_41580.rttm 0.60 0.92 0.73
 oegd_20160713_5580.rttm 0.60 0.73 0.66
 oegd_20160713_9180.rttm 0.67 0.89 0.77
 oegd_20160713_37980.rttm 0.56 0.75 0.64
 oegd_20161109_1980.rttm 0.68 0.63 0.66
 oegd_20161109_16380.rttm 0.81 0.68 0.74
 oegd_20161109_12780.rttm 0.77 0.65 0.71
 oegd_20161109_19980.rttm 0.63 0.64 0.63
 oegd_20161109_23580.rttm 0.77 0.59 0.67
 oegd_20161109_27180.rttm 0.75 0.60 0.67
 oegd_20161109_30780.rttm 0.70 0.59 0.64
 oegd_20161109_41580.rttm 0.58 0.78 0.66
 oegd_20161109_37980.rttm 0.62 0.85 0.71
 oegd_20161109_34380.rttm 0.87 0.62 0.73
 oegd_20161109_45180.rttm 0.64 0.90 0.75
 oegd_20161109_48780.rttm 0.68 0.79 0.73
 oegd_20161109_5580.rttm 0.63 0.68 0.66
 oegd_20161109_9180.rttm 0.78 0.70 0.73
 oegd_20161110_12780.rttm 0.81 0.92 0.86
 oegd_20161110_16380.rttm 0.62 0.82 0.70
 oegd_20161110_1980.rttm 0.69 0.80 0.74
 oegd_20161110_23580.rttm 0.81 0.55 0.66
 oegd_20161110_19980.rttm 0.83 0.66 0.74
 oegd_20161110_27180.rttm 1.00 0.63 0.77
 oegd_20161110_30780.rttm 0.56 0.80 0.66
 oegd_20161110_34380.rttm 0.83 0.58 0.68
 oegd_20161110_41580.rttm 1.00 0.90 0.95
 oegd_20161110_5580.rttm 0.59 0.76 0.66
 oegd_20161111_1980.rttm 0.67 0.77 0.72
 oegd_20161110_9180.rttm 1.00 0.77 0.87
 oegd_20161111_16380.rttm 0.74 0.58 0.65
 oegd_20161111_12780.rttm 0.63 0.71 0.67
 oegd_20161111_19980.rttm 0.84 0.68 0.75
 oegd_20161111_23580.rttm 0.79 0.55 0.65
 oegd_20161111_30780.rttm 0.67 0.92 0.77
 oegd_20161111_34380.rttm 0.86 0.77 0.81
 oegd_20161111_41580.rttm 0.60 0.72 0.66
 oegd_20161111_37980.rttm 0.57 0.82 0.67
 oegd_20161111_48780.rttm 0.87 0.94 0.91
 oegd_20161111_5580.rttm 0.57 0.62 0.59
 oegd_20170308_12780.rttm 0.73 0.82 0.77
 oegd_20161111_9180.rttm 0.62 0.85 0.72
 oegd_20170308_16380.rttm 0.51 0.65 0.57
 oegd_20170308_1980.rttm 0.85 0.52 0.65
 oegd_20170308_23580.rttm 0.71 0.66 0.68
 oegd_20170308_19980.rttm 0.57 0.87 0.69
 oegd_20170308_27180.rttm 0.64 0.80 0.71
 oegd_20170308_30780.rttm 0.64 0.77 0.70
 oegd_20170308_34380.rttm 0.54 0.72 0.62
 oegd_20170308_37980.rttm 0.83 0.92 0.87
 oegd_20170308_5580.rttm 0.74 0.82 0.78
 oegd_20170309_12780.rttm 0.71 0.82 0.76
 oegd_20170308_9180.rttm 0.77 0.69 0.73
 oegd_20170309_16380.rttm 0.52 0.65 0.58
 oegd_20170309_1980.rttm 0.83 0.53 0.65
 oegd_20170309_23580.rttm 0.69 0.67 0.68
 oegd_20170309_27180.rttm 0.65 0.80 0.72
 oegd_20170309_19980.rttm 0.55 0.87 0.67
 oegd_20170309_30780.rttm 0.67 0.77 0.72
 oegd_20170309_34380.rttm 0.61 0.71 0.66
 oegd_20170309_37980.rttm 0.83 0.92 0.87
 oegd_20170309_52380.rttm 0.73 0.71 0.72
 oegd_20170309_5580.rttm 0.63 0.78 0.70
 oegd_20170309_59880.rttm 0.89 0.86 0.87
 oegd_20170309_67080.rttm 0.86 0.89 0.87
 oegd_20170309_70680.rttm 0.77 0.74 0.76
 oegd_20170309_63480.rttm 0.60 0.74 0.66
 oegd_20170309_74280.rttm 0.87 0.73 0.80
 oegd_20170309_85080.rttm 1.00 0.93 0.96
 oegd_20170309_9180.rttm 0.87 0.69 0.77
 oegd_20170309_81480.rttm 0.52 0.75 0.62
 oegd_20170309_88680.rttm 0.59 0.69 0.64
 oegd_20170310_12780.rttm 0.53 0.87 0.66
 oegd_20170310_16380.rttm 0.58 0.57 0.58
 oegd_20170310_1980.rttm 0.87 0.53 0.66
 oegd_20170310_19980.rttm 0.57 0.66 0.61
 oegd_20170310_30780.rttm 0.56 0.83 0.67
 oegd_20170310_23580.rttm 0.77 0.75 0.76
 oegd_20170310_27180.rttm 0.63 0.73 0.67
 oegd_20170310_37980.rttm 0.66 0.96 0.78
 oegd_20170310_45180.rttm 0.57 0.97 0.72
 oegd_20170310_34380.rttm 0.56 0.80 0.66
 oekd_20160710_12780.rttm 0.55 0.95 0.69
 oegd_20170310_5580.rttm 0.59 0.84 0.69
 oegd_20170310_9180.rttm 0.63 0.96 0.76
 oekd_20160710_19980.rttm 0.71 0.98 0.82
 oekd_20160710_1980.rttm 0.53 0.91 0.67
 oekd_20160710_37980.rttm 0.60 0.64 0.62
 oekd_20160710_41580.rttm 0.93 0.95 0.94
 oekd_20160710_5580.rttm 0.54 1.00 0.70
 oekd_20160711_16380.rttm 0.75 0.84 0.79
 oekd_20160711_1980.rttm 0.67 0.61 0.64
 oekd_20160711_12780.rttm 0.62 0.77 0.69
 oekd_20160711_27180.rttm 0.77 0.85 0.81
 oekd_20160711_19980.rttm 0.54 0.89 0.67
 oekd_20160711_34380.rttm 0.74 0.83 0.78
 oekd_20160711_30780.rttm 0.82 0.61 0.70
 oekd_20160711_37980.rttm 1.00 0.75 0.86
 oekd_20160711_23580.rttm 0.65 0.82 0.73
 oekd_20160711_41580.rttm 0.54 0.94 0.68
 oekd_20160711_5580.rttm 0.53 0.90 0.67
 oekd_20160711_9180.rttm 0.62 0.93 0.74
 oekd_20160712_12780.rttm 0.59 0.92 0.72
 oekd_20160712_1980.rttm 0.95 0.60 0.73
 oekd_20160712_16380.rttm 0.84 0.51 0.63
 oekd_20160712_19980.rttm 0.97 0.97 0.97
 oekd_20160712_27180.rttm 0.89 0.98 0.93
 oekd_20160712_23580.rttm 0.52 0.93 0.67
 oekd_20160712_37980.rttm 0.57 0.94 0.71
 oekd_20160712_34380.rttm 0.68 0.93 0.79
 oekd_20160712_9180.rttm 0.53 0.73 0.62
 oekd_20160712_5580.rttm 0.52 0.95 0.67
 oekd_20160713_12780.rttm 0.95 0.51 0.66
 oekd_20160713_1980.rttm 0.68 0.79 0.73
 oekd_20160713_16380.rttm 0.57 0.82 0.67
 oekd_20160713_23580.rttm 0.63 0.92 0.75
 oekd_20160713_30780.rttm 0.51 0.96 0.67
 oekd_20160713_27180.rttm 0.60 0.88 0.72
 oekd_20160713_37980.rttm 0.53 0.90 0.66
 oekd_20160713_41580.rttm 0.66 0.80 0.72
 oekd_20160713_5580.rttm 0.57 0.82 0.67
 oekd_20160713_9180.rttm 0.65 0.82 0.72
 oekd_20161109_1980.rttm 0.69 0.89 0.78
 oekd_20161109_12780.rttm 0.94 0.83 0.88
 oekd_20161109_16380.rttm 0.87 0.90 0.88
 oekd_20161109_23580.rttm 0.64 0.84 0.73
 oekd_20161109_27180.rttm 0.62 0.92 0.74
 oekd_20161109_34380.rttm 1.00 0.76 0.87
 oekd_20161109_30780.rttm 1.00 0.96 0.98
 oekd_20161110_12780.rttm 0.57 0.82 0.68
 oekd_20161109_9180.rttm 0.70 0.60 0.65
 oekd_20161109_5580.rttm 0.55 0.94 0.69
 oekd_20161110_16380.rttm 0.64 0.60 0.62
 oekd_20161110_19980.rttm 0.51 0.73 0.60
 oekd_20161110_23580.rttm 0.61 0.63 0.62
 oekd_20161110_1980.rttm 0.52 0.88 0.66
 oekd_20161110_34380.rttm 0.65 0.95 0.77
 oekd_20161110_27180.rttm 0.78 0.60 0.68
 oekd_20161110_41580.rttm 0.88 0.71 0.79
 oekd_20161110_30780.rttm 0.81 0.83 0.82
 oekd_20161110_37980.rttm 1.00 0.52 0.68
 oekd_20161110_9180.rttm 0.56 0.51 0.53
 oekd_20161110_5580.rttm 0.94 0.77 0.85
 oekd_20161111_16380.rttm 0.65 0.78 0.71
 oekd_20161111_12780.rttm 0.69 0.78 0.73
 oekd_20161111_19980.rttm 0.64 0.68 0.66
 oekd_20161111_23580.rttm 0.62 0.63 0.62
 oekd_20161111_1980.rttm 0.53 0.69 0.60
 oekd_20161111_34380.rttm 0.72 0.59 0.65
 oekd_20161111_27180.rttm 0.52 0.90 0.66
 oekd_20161111_30780.rttm 0.80 0.56 0.66
 oekd_20161111_41580.rttm 0.64 0.64 0.64
 oekd_20161111_37980.rttm 0.60 0.76 0.67
 oekd_20170308_12780.rttm 0.64 0.92 0.75
 oekd_20161111_9180.rttm 0.77 0.87 0.81
 oekd_20161111_5580.rttm 0.72 0.59 0.65
 oekd_20170308_1980.rttm 0.81 0.62 0.71
 oekd_20170308_16380.rttm 0.55 0.90 0.68
 oekd_20170308_27180.rttm 0.91 0.95 0.93
 oekd_20170308_19980.rttm 0.85 0.63 0.72
 oekd_20170308_34380.rttm 0.52 0.99 0.68
 oekd_20170308_23580.rttm 0.69 0.84 0.76
 oekd_20170308_30780.rttm 0.55 0.83 0.66
 oekd_20170308_37980.rttm 0.60 0.61 0.61
 oekd_20170308_5580.rttm 0.63 0.98 0.77
 oekd_20170308_9180.rttm 0.79 0.69 0.74
 oekd_20170309_12780.rttm 0.75 0.92 0.83
 oekd_20170309_27180.rttm 0.64 1.00 0.78
 oekd_20170309_1980.rttm 0.89 0.61 0.73
 oekd_20170309_23580.rttm 0.56 0.84 0.67
 oekd_20170309_30780.rttm 0.55 0.83 0.66
 oekd_20170309_34380.rttm 0.59 0.99 0.74
 oekd_20170309_16380.rttm 0.52 0.90 0.66
 oekd_20170309_19980.rttm 0.80 0.63 0.71
 oekd_20170309_37980.rttm 0.58 0.61 0.60
 oekd_20170309_48780.rttm 0.93 0.94 0.93
 oekd_20170309_59880.rttm 0.80 0.79 0.80
 oekd_20170309_5580.rttm 0.62 0.98 0.76
 oekd_20170309_63480.rttm 0.53 0.86 0.66
 oekd_20170309_67080.rttm 0.76 0.67 0.71
 oekd_20170309_88680.rttm 0.84 0.76 0.80
 oekd_20170309_70680.rttm 0.53 0.89 0.67
 oekd_20170309_74280.rttm 0.69 0.69 0.69
 oekd_20170309_77880.rttm 0.56 0.89 0.69
 oekd_20170309_92280.rttm 0.51 0.97 0.67
 oekd_20170309_95880.rttm 0.64 0.72 0.68
 oekd_20170309_85080.rttm 0.58 0.76 0.65
 oekd_20170309_9180.rttm 0.81 0.69 0.75
 oekd_20170309_99480.rttm 0.97 0.98 0.98
 oekd_20170310_12780.rttm 0.56 0.70 0.62
 oekd_20170309_81480.rttm 0.54 0.85 0.66
 oekd_20170310_16380.rttm 0.59 0.81 0.68
 oekd_20170310_19980.rttm 0.91 0.92 0.91
 oekd_20170310_1980.rttm 0.91 0.83 0.87
 oekd_20170310_23580.rttm 0.63 0.76 0.69
 oekd_20170310_27180.rttm 0.55 0.66 0.60
 oekd_20170310_34380.rttm 0.55 0.90 0.68
 oekd_20170310_30780.rttm 1.00 0.62 0.76
 oekd_20170310_41580.rttm 0.98 0.99 0.98
 oekd_20170310_45180.rttm 0.68 0.88 0.77
 oekd_20170310_9180.rttm 0.57 0.80 0.67
 outg_20170314_12780.rttm 0.69 0.59 0.64
 oekd_20170310_5580.rttm 0.63 0.98 0.76
 outg_20170314_16380.rttm 0.61 0.72 0.66
 outg_20170314_19980.rttm 0.86 0.96 0.91
 outg_20170314_1980.rttm 0.74 0.59 0.65
 outg_20170314_23580.rttm 0.65 0.83 0.73
 outg_20170314_37980.rttm 0.70 0.92 0.80
 outg_20170314_34380.rttm 0.76 0.90 0.83
 outg_20170314_30780.rttm 0.64 0.86 0.73
 outg_20170314_27180.rttm 0.54 0.85 0.66
 outg_20170314_41580.rttm 0.62 0.73 0.67
 outg_20170314_52380.rttm 0.71 0.73 0.72
 outg_20170315_12780.rttm 0.55 0.95 0.69
 outg_20170315_16380.rttm 0.51 0.94 0.67
 outg_20170314_5580.rttm 0.72 0.94 0.82
 outg_20170314_9180.rttm 0.53 0.93 0.68
 outg_20170315_1980.rttm 0.98 0.64 0.78
 outg_20170315_19980.rttm 0.56 0.84 0.67
 outg_20170315_30780.rttm 0.89 1.00 0.94
 outg_20170315_23580.rttm 0.64 0.60 0.62
 outg_20170315_27180.rttm 0.99 0.66 0.79
 outg_20170315_45180.rttm 0.74 0.96 0.83
 outg_20170315_34380.rttm 0.55 0.91 0.68
 outg_20170315_37980.rttm 0.62 0.76 0.68
 outg_20170315_48780.rttm 0.65 0.92 0.76
 outg_20170315_41580.rttm 0.69 0.98 0.81
 outg_20170315_5580.rttm 0.97 0.66 0.79
 outg_20170315_9180.rttm 0.60 0.70 0.65
 uebn_20160710_12780.rttm 0.55 0.89 0.68
 uebn_20160710_16380.rttm 0.88 0.85 0.86
 uebn_20160710_23580.rttm 0.53 0.90 0.67
 uebn_20160710_27180.rttm 0.56 0.94 0.70
 uebn_20160710_1980.rttm 0.71 0.82 0.76
 uebn_20160710_30780.rttm 0.74 0.89 0.81
 uebn_20160710_5580.rttm 0.83 0.98 0.90
 uebn_20160710_9180.rttm 0.92 0.94 0.93
 uebn_20160711_12780.rttm 1.00 0.88 0.94
 uebn_20160711_16380.rttm 0.62 0.79 0.70
 uebn_20160711_30780.rttm 0.91 0.67 0.77
 uebn_20160711_1980.rttm 0.89 0.98 0.93
 uebn_20160711_27180.rttm 1.00 0.94 0.97
 uebn_20160711_34380.rttm 0.58 0.90 0.71
 uebn_20160711_37980.rttm 0.78 0.70 0.74
 uebn_20160711_5580.rttm 0.51 0.75 0.61
 uebn_20160711_9180.rttm 1.00 0.98 0.99
 uebn_20160712_12780.rttm 0.59 0.95 0.73
 uebn_20160711_41580.rttm 0.77 0.62 0.69
 uebn_20160712_1980.rttm 0.53 0.98 0.69
 uebn_20160712_9180.rttm 0.56 0.82 0.66
 uebn_20160712_5580.rttm 0.66 0.89 0.76
 uebn_20160713_12780.rttm 0.97 0.71 0.82
 uebn_20160713_19980.rttm 0.64 0.69 0.66
 uebn_20160713_1980.rttm 0.53 0.92 0.67
 uebn_20160713_23580.rttm 0.56 0.88 0.69
 uebn_20160713_27180.rttm 0.63 0.79 0.70
 uebn_20160713_30780.rttm 0.50 1.00 0.67
 uebn_20160713_34380.rttm 0.83 0.93 0.88
 uebn_20160713_9180.rttm 0.54 0.86 0.66
 uebn_20160713_5580.rttm 1.00 0.60 0.75
 uebn_20161112_12780.rttm 0.75 0.77 0.76
 uebn_20161112_16380.rttm 0.59 0.66 0.62
 uebn_20161112_19980.rttm 0.77 0.90 0.83
 uebn_20161112_1980.rttm 0.91 0.72 0.80
 uebn_20161112_23580.rttm 0.82 0.57 0.67
 uebn_20161112_27180.rttm 1.00 0.50 0.67
 uebn_20161112_30780.rttm 0.56 0.86 0.68
 uebn_20161112_34380.rttm 1.00 0.82 0.90
 uebn_20161112_37980.rttm 1.00 0.83 0.90
 uebn_20161112_45180.rttm 0.85 0.91 0.88
 uebn_20161112_41580.rttm 0.53 0.90 0.67
 uebn_20161112_5580.rttm 0.95 0.94 0.95
 uebn_20161113_12780.rttm 0.82 0.68 0.74
 uebn_20161113_16380.rttm 0.71 0.65 0.68
 uebn_20161112_9180.rttm 0.54 1.00 0.70
 uebn_20161113_1980.rttm 0.58 0.84 0.69
 uebn_20161113_19980.rttm 1.00 0.51 0.67
 uebn_20161113_23580.rttm 0.72 0.95 0.82
 uebn_20161113_27180.rttm 1.00 0.96 0.98
 uebn_20161113_30780.rttm 0.93 0.85 0.89
 uebn_20161113_34380.rttm 0.80 0.79 0.80
 uebn_20161113_37980.rttm 0.78 0.56 0.65
 uebn_20161114_12780.rttm 1.00 0.88 0.94
 uebn_20161114_16380.rttm 1.00 0.57 0.72
 uebn_20161114_19980.rttm 0.91 0.98 0.95
 uebn_20161114_1980.rttm 0.93 0.63 0.75
 uebn_20161114_23580.rttm 0.82 0.69 0.75
 uebn_20161114_30780.rttm 0.70 0.73 0.72
 uebn_20161114_5580.rttm 0.93 0.73 0.82
 uebn_20161114_9180.rttm 1.00 0.67 0.80
 uebn_20170308_16380.rttm 0.67 0.73 0.70
 uebn_20170308_12780.rttm 0.93 0.51 0.66
 uebn_20170308_1980.rttm 0.88 0.50 0.64
 uebn_20170308_19980.rttm 0.93 0.54 0.68
 uebn_20170308_27180.rttm 0.56 0.87 0.68
 uebn_20170308_23580.rttm 0.89 0.56 0.69
 uebn_20170308_45180.rttm 0.57 0.78 0.66
 uebn_20170308_41580.rttm 0.58 0.71 0.64
 uebn_20170308_34380.rttm 0.90 0.94 0.92
 uebn_20170308_30780.rttm 0.70 0.60 0.65
 uebn_20170308_37980.rttm 0.67 0.75 0.71
 uebn_20170308_5580.rttm 1.00 0.93 0.96
 uebn_20170308_9180.rttm 0.57 0.83 0.67
 uebn_20170309_12780.rttm 0.98 0.51 0.67
 uebn_20170309_16380.rttm 0.59 0.75 0.66
 uebn_20170309_1980.rttm 0.80 0.50 0.62
 uebn_20170309_19980.rttm 0.87 0.53 0.66
 uebn_20170309_27180.rttm 0.59 0.87 0.70
 uebn_20170309_30780.rttm 0.75 0.61 0.67
 uebn_20170309_34380.rttm 0.68 0.91 0.78
 uebn_20170309_37980.rttm 0.71 0.77 0.74
 uebn_20170309_23580.rttm 0.89 0.57 0.70
 uebn_20170309_41580.rttm 0.55 0.69 0.61
 uebn_20170309_56280.rttm 0.53 0.89 0.67
 uebn_20170309_45180.rttm 0.56 0.78 0.65
 uebn_20170309_59880.rttm 0.90 0.78 0.83
 uebn_20170309_5580.rttm 0.94 0.93 0.94
 uebn_20170309_63480.rttm 0.58 0.76 0.66
 uebn_20170309_67080.rttm 0.56 0.91 0.69
 uebn_20170309_70680.rttm 0.60 0.62 0.61
 uebn_20170309_74280.rttm 0.56 0.80 0.66
 uebn_20170309_77880.rttm 0.67 0.66 0.67
 uebn_20170309_81480.rttm 0.77 0.56 0.65
 uebn_20170309_85080.rttm 0.72 0.59 0.65
 uebn_20170309_88680.rttm 0.93 0.94 0.93
 uebn_20170309_9180.rttm 0.55 0.83 0.66
 uebn_20170309_99480.rttm 0.69 0.83 0.76
 uebn_20170309_92280.rttm 0.63 0.75 0.69
 uebn_20170310_12780.rttm 0.58 0.78 0.67
 uebn_20170310_1980.rttm 0.60 0.70 0.65
 uebn_20170310_16380.rttm 0.61 0.75 0.67
 uebn_20170310_19980.rttm 0.82 0.87 0.84
 uebn_20170310_23580.rttm 0.93 0.52 0.67
 uebn_20170310_34380.rttm 0.78 0.58 0.66
 uebn_20170310_30780.rttm 0.84 0.72 0.78
 uebn_20170310_27180.rttm 0.58 0.68 0.62
 uebn_20170310_37980.rttm 0.86 0.84 0.85
 uebn_20170310_45180.rttm 0.58 0.90 0.71
 uebn_20170310_5580.rttm 0.80 0.62 0.70
 uebn_20170310_9180.rttm 0.65 0.76 0.70
 uoga_20170311_12780.rttm 0.85 0.71 0.77
 uoga_20170311_16380.rttm 0.73 0.89 0.80
 uoga_20170311_1980.rttm 0.86 0.54 0.67
 uoga_20170311_19980.rttm 0.69 0.57 0.63
 uoga_20170311_27180.rttm 0.66 0.86 0.75
 uoga_20170311_23580.rttm 0.76 0.70 0.73
 uoga_20170311_30780.rttm 0.87 0.78 0.82
 uoga_20170311_34380.rttm 0.55 0.86 0.67
 uoga_20170311_48780.rttm 0.57 0.87 0.69
 uoga_20170311_45180.rttm 0.63 0.78 0.70
 uoga_20170311_52380.rttm 0.60 0.67 0.63
 uoga_20170311_5580.rttm 0.62 0.83 0.71
 uoga_20170311_9180.rttm 0.68 0.70 0.69
 uoga_20170312_12780.rttm 0.70 0.58 0.63
 uoga_20170312_16380.rttm 0.55 0.78 0.65
 uoga_20170312_1980.rttm 0.84 0.64 0.72
 uoga_20170312_23580.rttm 0.69 0.80 0.74
 uoga_20170312_27180.rttm 0.54 0.88 0.67
 uoga_20170312_30780.rttm 0.67 0.67 0.67
 uoga_20170312_19980.rttm 0.63 0.67 0.65
 uoga_20170312_34380.rttm 0.58 0.61 0.59
 uoga_20170313_12780.rttm 0.68 0.63 0.65
 uoga_20170313_16380.rttm 0.95 0.81 0.88
 uoga_20170312_5580.rttm 0.86 0.74 0.79
 uoga_20170312_9180.rttm 0.85 0.90 0.87
 uoga_20170313_19980.rttm 0.58 0.79 0.67
 uoga_20170313_23580.rttm 0.52 0.79 0.62
 uoga_20170313_27180.rttm 0.76 0.87 0.81
 uoga_20170313_1980.rttm 0.68 0.77 0.72
 uoga_20170313_30780.rttm 0.64 0.66 0.65
 uoga_20170313_37980.rttm 0.92 0.94 0.93
 uoga_20170313_48780.rttm 0.74 0.88 0.80
 uoga_20170313_34380.rttm 0.81 0.62 0.70
 uoga_20170313_5580.rttm 1.00 0.80 0.89
 uoga_20170313_41580.rttm 0.58 0.80 0.67
 uoga_20170313_45180.rttm 0.80 0.71 0.75
 uoga_20170313_9180.rttm 0.67 0.79 0.72
