
 aiku_20160714_41580.rttm 0.84 0.87 0.85
 aiku_20160714_23580.rttm 0.93 0.80 0.86
 aiku_20160714_1980.rttm 0.59 0.63 0.61
 aiku_20160714_16380.rttm 0.54 0.62 0.58
 aiku_20160714_34380.rttm 0.68 0.62 0.65
 aiku_20160714_30780.rttm 0.60 0.57 0.59
 aiku_20160714_12780.rttm 0.61 0.61 0.61
 aiku_20160714_19980.rttm 0.65 0.63 0.64
 aiku_20160714_27180.rttm 0.80 0.57 0.66
 aiku_20160714_5580.rttm 0.66 0.66 0.66
 aiku_20160714_37980.rttm 0.63 0.63 0.63
 aiku_20160714_56280.rttm 0.89 0.58 0.70
 aiku_20160714_77880.rttm 0.55 0.55 0.55
 aiku_20160714_9180.rttm 0.57 0.56 0.57
 aiku_20160715_1980.rttm 0.75 0.63 0.68
 aiku_20160715_19980.rttm 0.67 0.51 0.58
 aiku_20160715_12780.rttm 0.82 0.54 0.66
 aiku_20160715_23580.rttm 0.65 0.66 0.66
 aiku_20160715_16380.rttm 0.64 0.64 0.64
 aiku_20160715_30780.rttm 0.85 0.89 0.87
 aiku_20160715_27180.rttm 0.80 0.76 0.78
 aiku_20160715_37980.rttm 0.67 0.68 0.68
 aiku_20160715_34380.rttm 0.82 0.60 0.70
 aiku_20160715_5580.rttm 0.76 0.62 0.69
 aiku_20160715_77880.rttm 0.60 0.62 0.61
 aiku_20160715_9180.rttm 0.64 0.64 0.64
 aiku_20160716_16380.rttm 0.52 0.53 0.52
 aiku_20160716_12780.rttm 0.53 0.58 0.55
 aiku_20160716_19980.rttm 0.62 0.61 0.62
 aiku_20160716_1980.rttm 0.72 0.71 0.71
 aiku_20160716_27180.rttm 0.87 0.79 0.83
 aiku_20160716_23580.rttm 0.54 0.68 0.60
 aiku_20160716_37980.rttm 0.83 0.65 0.73
 aiku_20160716_30780.rttm 0.69 0.68 0.68
 aiku_20160716_41580.rttm 0.63 0.62 0.62
 aiku_20160716_5580.rttm 0.72 0.67 0.70
 aiku_20160716_9180.rttm 0.64 0.64 0.64
 aiku_20160717_1980.rttm 0.56 0.70 0.62
 aiku_20160717_23580.rttm 0.58 0.58 0.58
 aiku_20160717_16380.rttm 0.74 0.68 0.71
 aiku_20160717_12780.rttm 0.64 0.61 0.63
 aiku_20160717_34380.rttm 0.84 0.89 0.86
 aiku_20160717_37980.rttm 0.77 0.55 0.64
 aiku_20160717_30780.rttm 0.88 0.75 0.81
 aiku_20160717_27180.rttm 0.67 0.65 0.66
 aiku_20160717_19980.rttm 0.72 0.59 0.65
 aiku_20160717_45180.rttm 0.80 0.50 0.62
 aiku_20160717_41580.rttm 0.72 0.72 0.72
 aiku_20160717_5580.rttm 0.87 0.54 0.66
 aiku_20160717_9180.rttm 0.61 0.67 0.64
 aiku_20161109_12780.rttm 0.82 0.63 0.72
 aiku_20161109_19980.rttm 0.57 0.67 0.61
 aiku_20161109_16380.rttm 0.93 0.78 0.85
 aiku_20161109_1980.rttm 0.92 0.87 0.89
 aiku_20161109_27180.rttm 0.59 0.61 0.60
 aiku_20161109_30780.rttm 0.83 0.82 0.83
 aiku_20161109_23580.rttm 0.56 0.59 0.57
 aiku_20161109_34380.rttm 0.62 0.71 0.66
 aiku_20161109_37980.rttm 0.60 0.58 0.59
 aiku_20161109_41580.rttm 0.96 0.73 0.83
 aiku_20161109_45180.rttm 0.66 0.60 0.63
 aiku_20161109_5580.rttm 0.62 0.63 0.63
 aiku_20161110_12780.rttm 0.59 0.57 0.58
 aiku_20161109_77880.rttm 0.75 0.74 0.74
 aiku_20161110_16380.rttm 0.70 0.71 0.70
 aiku_20161109_9180.rttm 1.00 0.65 0.79
 aiku_20161110_1980.rttm 0.82 0.65 0.72
 aiku_20161110_19980.rttm 0.63 0.63 0.63
 aiku_20161110_27180.rttm 0.68 0.68 0.68
 aiku_20161110_37980.rttm 0.85 0.81 0.83
 aiku_20161110_23580.rttm 0.67 0.57 0.61
 aiku_20161110_34380.rttm 1.00 0.91 0.95
 aiku_20161110_30780.rttm 0.81 0.55 0.65
 aiku_20161110_5580.rttm 0.72 0.72 0.72
 aiku_20161110_74280.rttm 0.67 0.67 0.67
 aiku_20161111_1980.rttm 0.53 0.65 0.59
 aiku_20161110_77880.rttm 0.53 0.61 0.57
 aiku_20161111_19980.rttm 0.87 0.89 0.88
 aiku_20161110_9180.rttm 0.94 0.72 0.81
 aiku_20161111_16380.rttm 0.68 0.75 0.71
 aiku_20161111_23580.rttm 0.85 0.71 0.77
 aiku_20161111_12780.rttm 0.54 0.56 0.55
 aiku_20161111_30780.rttm 0.96 0.79 0.87
 aiku_20161111_37980.rttm 0.92 0.67 0.78
 aiku_20161111_34380.rttm 0.56 0.72 0.63
 aiku_20161111_27180.rttm 0.90 0.72 0.80
 aiku_20161111_48780.rttm 0.90 0.84 0.87
 aiku_20161111_5580.rttm 0.86 0.75 0.80
 aiku_20161111_41580.rttm 0.82 0.71 0.76
 aiku_20170314_1980.rttm 0.65 0.75 0.70
 aiku_20170314_12780.rttm 0.68 0.59 0.64
 aiku_20170314_16380.rttm 0.80 0.61 0.69
 aiku_20161111_77880.rttm 0.58 0.55 0.57
 aiku_20170314_19980.rttm 0.69 0.56 0.61
 aiku_20161111_9180.rttm 0.95 0.90 0.92
 aiku_20170314_27180.rttm 0.63 0.59 0.61
 aiku_20170314_34380.rttm 0.65 0.57 0.61
 aiku_20170314_23580.rttm 0.52 0.72 0.61
 aiku_20170314_37980.rttm 0.84 0.71 0.77
 aiku_20170314_41580.rttm 0.93 0.52 0.67
 aiku_20170314_30780.rttm 0.51 0.59 0.55
 aiku_20170314_48780.rttm 1.00 0.97 0.98
 aiku_20170314_45180.rttm 0.75 0.72 0.74
 aiku_20170314_52380.rttm 0.95 0.96 0.95
 aiku_20170314_5580.rttm 0.61 0.61 0.61
 aiku_20170314_77880.rttm 0.54 0.54 0.54
 aiku_20170314_9180.rttm 0.64 0.58 0.61
 aiku_20170314_81480.rttm 0.62 0.56 0.58
 aiku_20170315_12780.rttm 0.85 0.83 0.84
 aiku_20170315_1980.rttm 0.52 0.69 0.59
 aiku_20170315_16380.rttm 0.78 0.72 0.75
 aiku_20170315_19980.rttm 0.75 0.66 0.70
 aiku_20170315_34380.rttm 0.65 0.71 0.68
 aiku_20170315_23580.rttm 0.59 0.52 0.55
 aiku_20170315_27180.rttm 1.00 0.97 0.98
 aiku_20170315_37980.rttm 1.00 1.00 1.00
 aiku_20170315_41580.rttm 0.62 0.65 0.64
 aiku_20170315_30780.rttm 0.70 0.66 0.68
 aiku_20170315_5580.rttm 0.78 0.77 0.77
 aoaa_20160714_16380.rttm 0.71 0.63 0.67
 aiku_20170315_81480.rttm 0.69 0.51 0.59
 aoaa_20160714_1980.rttm 0.80 0.78 0.79
 aoaa_20160714_12780.rttm 0.63 0.61 0.62
 aoaa_20160714_19980.rttm 0.58 0.56 0.57
 aiku_20170315_9180.rttm 0.78 0.60 0.67
 aoaa_20160714_27180.rttm 0.79 0.70 0.74
 aoaa_20160714_23580.rttm 0.79 0.80 0.80
 aoaa_20160714_30780.rttm 0.64 0.55 0.59
 aoaa_20160714_34380.rttm 1.00 0.51 0.67
 aoaa_20160714_37980.rttm 1.00 0.52 0.69
 aoaa_20160714_41580.rttm 0.50 0.54 0.52
 aoaa_20160714_9180.rttm 0.69 0.57 0.63
 aoaa_20160714_5580.rttm 0.88 0.56 0.68
 aoaa_20160715_16380.rttm 0.66 0.55 0.60
 aoaa_20160715_19980.rttm 0.72 0.72 0.72
 aoaa_20160715_12780.rttm 0.76 0.55 0.64
 aoaa_20160715_1980.rttm 0.61 0.67 0.64
 aoaa_20160715_30780.rttm 0.54 0.53 0.53
 aoaa_20160715_23580.rttm 0.53 0.55 0.54
 aoaa_20160715_27180.rttm 0.52 0.51 0.52
 aoaa_20160715_34380.rttm 0.78 0.54 0.64
 aoaa_20160715_45180.rttm 0.72 0.83 0.77
 aoaa_20160715_37980.rttm 0.54 0.54 0.54
 aoaa_20160715_52380.rttm 0.84 0.69 0.76
 aoaa_20160715_5580.rttm 0.93 0.76 0.84
 aoaa_20160716_12780.rttm 0.74 0.75 0.74
 aoaa_20160716_16380.rttm 0.74 0.65 0.69
 aoaa_20160715_9180.rttm 0.64 0.64 0.64
 aoaa_20160716_1980.rttm 0.97 0.77 0.86
 aoaa_20160716_19980.rttm 0.57 0.55 0.56
 aoaa_20160716_30780.rttm 0.62 0.53 0.57
 aoaa_20160716_23580.rttm 0.57 0.61 0.59
 aoaa_20160716_27180.rttm 0.60 0.57 0.58
 aoaa_20160716_37980.rttm 0.77 0.68 0.73
 aoaa_20160716_34380.rttm 0.84 0.60 0.70
 aoaa_20160716_45180.rttm 0.66 0.72 0.69
 aoaa_20160716_41580.rttm 0.73 0.61 0.66
 aoaa_20160716_5580.rttm 0.69 0.65 0.67
 aoaa_20160716_9180.rttm 0.74 0.94 0.83
 aoaa_20160717_12780.rttm 0.61 0.58 0.59
 aoaa_20160717_16380.rttm 0.70 0.68 0.69
 aoaa_20160717_1980.rttm 0.97 0.87 0.92
 aoaa_20160717_19980.rttm 0.81 0.77 0.79
 aoaa_20160717_23580.rttm 0.70 0.72 0.71
 aoaa_20160717_27180.rttm 0.56 0.56 0.56
 aoaa_20160717_34380.rttm 0.76 0.66 0.71
 aoaa_20160717_41580.rttm 0.54 0.62 0.57
 aoaa_20160717_30780.rttm 0.53 0.59 0.56
 aoaa_20160717_45180.rttm 0.58 0.66 0.62
 aoaa_20160717_9180.rttm 0.63 0.63 0.63
 aoaa_20160717_5580.rttm 0.70 0.58 0.64
 aoaa_20161112_12780.rttm 0.57 0.59 0.58
 aoaa_20161112_16380.rttm 0.71 0.59 0.65
 aoaa_20161112_19980.rttm 0.82 0.60 0.69
 aoaa_20161112_1980.rttm 0.51 0.74 0.60
 aoaa_20161112_27180.rttm 0.58 0.66 0.62
 aoaa_20161112_34380.rttm 0.74 0.54 0.62
 aoaa_20161112_23580.rttm 0.82 0.84 0.83
 aoaa_20161112_30780.rttm 0.61 0.60 0.60
 aoaa_20161112_37980.rttm 0.54 0.88 0.67
 aoaa_20161112_41580.rttm 0.98 0.52 0.68
 aoaa_20161112_5580.rttm 0.57 0.54 0.55
 aoaa_20161112_9180.rttm 0.94 0.68 0.79
 aoaa_20161113_12780.rttm 0.57 0.54 0.56
 aoaa_20161113_16380.rttm 0.54 0.76 0.63
 aoaa_20161113_19980.rttm 0.93 0.57 0.70
 aoaa_20161113_27180.rttm 0.50 0.95 0.66
 aoaa_20161113_1980.rttm 0.51 0.51 0.51
 aoaa_20161113_23580.rttm 1.00 0.84 0.91
 aoaa_20161113_30780.rttm 0.65 0.65 0.65
 aoaa_20161113_34380.rttm 1.00 0.50 0.67
 aoaa_20161113_5580.rttm 0.96 0.55 0.70
 aoaa_20161113_9180.rttm 0.67 0.66 0.67
 aoaa_20161114_12780.rttm 0.85 0.62 0.72
 aoaa_20161114_16380.rttm 0.57 1.00 0.72
 aoaa_20161114_1980.rttm 0.95 0.52 0.67
 aoaa_20161114_19980.rttm 0.70 0.64 0.67
 aoaa_20161114_30780.rttm 0.61 0.66 0.63
 aoaa_20161114_27180.rttm 1.00 0.78 0.88
 aoaa_20161114_34380.rttm 0.63 0.61 0.62
 aoaa_20161114_5580.rttm 0.99 0.77 0.87
 aoaa_20161114_9180.rttm 0.63 0.64 0.64
 aoaa_20170311_12780.rttm 0.84 0.68 0.75
 aoaa_20170311_1980.rttm 0.77 0.50 0.61
 aoaa_20170311_16380.rttm 0.63 0.63 0.63
 aoaa_20170311_27180.rttm 0.79 0.56 0.65
 aoaa_20170311_19980.rttm 0.60 0.76 0.67
 aoaa_20170311_30780.rttm 0.87 0.60 0.71
 aoaa_20170311_23580.rttm 0.67 0.57 0.62
 aoaa_20170311_37980.rttm 0.84 0.86 0.85
 aoaa_20170311_34380.rttm 0.81 0.59 0.68
 aoaa_20170311_45180.rttm 0.72 0.71 0.71
 aoaa_20170311_52380.rttm 0.78 0.71 0.74
 aoaa_20170311_41580.rttm 0.79 0.78 0.78
 aoaa_20170311_5580.rttm 0.59 0.65 0.62
 aoaa_20170311_9180.rttm 0.81 0.72 0.76
 aoaa_20170312_12780.rttm 0.73 0.64 0.68
 aoaa_20170312_16380.rttm 0.74 0.75 0.74
 aoaa_20170312_1980.rttm 0.72 0.58 0.64
 aoaa_20170312_19980.rttm 0.59 0.59 0.59
 aoaa_20170312_23580.rttm 0.76 0.80 0.78
 aoaa_20170312_27180.rttm 0.59 0.55 0.57
 aoaa_20170312_30780.rttm 0.72 0.73 0.72
 aoaa_20170312_34380.rttm 0.58 0.58 0.58
 aoaa_20170312_9180.rttm 0.82 0.58 0.68
 aoaa_20170312_5580.rttm 0.65 0.62 0.64
 aoaa_20170313_12780.rttm 0.66 0.66 0.66
 aoaa_20170313_1980.rttm 0.57 0.58 0.58
 aoaa_20170313_16380.rttm 0.73 0.69 0.71
 aoaa_20170313_19980.rttm 0.67 0.70 0.69
 aoaa_20170313_23580.rttm 0.72 0.69 0.70
 aoaa_20170313_27180.rttm 0.81 0.79 0.80
 aoaa_20170313_30780.rttm 0.60 0.60 0.60
 aoaa_20170313_37980.rttm 0.78 0.85 0.81
 aoaa_20170313_48780.rttm 0.82 0.74 0.78
 aoaa_20170313_41580.rttm 0.59 0.65 0.62
 aoaa_20170313_34380.rttm 0.68 0.62 0.65
 aoaa_20170313_45180.rttm 0.73 0.79 0.76
 aoaa_20170313_9180.rttm 0.63 0.63 0.63
 aoaa_20170313_5580.rttm 0.78 0.81 0.80
 eiun_20160711_12780.rttm 0.72 0.66 0.69
 eiun_20160711_16380.rttm 0.82 0.59 0.69
 eiun_20160711_5580.rttm 0.63 0.58 0.61
 eiun_20160711_9180.rttm 0.78 0.72 0.75
 eiun_20160711_1980.rttm 0.51 0.51 0.51
 eiun_20160713_12780.rttm 0.70 0.56 0.62
 eiun_20160713_16380.rttm 0.61 0.54 0.57
 eiun_20160713_1980.rttm 0.63 0.58 0.61
 eiun_20160713_19980.rttm 0.68 0.68 0.68
 eiun_20160713_34380.rttm 0.60 0.64 0.62
 eiun_20160713_23580.rttm 0.51 0.63 0.56
 eiun_20160713_27180.rttm 0.80 0.78 0.79
 eiun_20160713_30780.rttm 0.75 0.65 0.69
 eiun_20160713_37980.rttm 0.68 0.67 0.68
 eiun_20160713_45180.rttm 0.63 0.63 0.63
 eiun_20160713_41580.rttm 0.59 0.62 0.61
 eiun_20160713_5580.rttm 0.75 0.86 0.80
 eiun_20161112_12780.rttm 0.78 0.89 0.83
 eiun_20160713_77880.rttm 0.70 0.69 0.70
 eiun_20161112_23580.rttm 0.74 0.65 0.69
 eiun_20160713_9180.rttm 0.76 0.51 0.62
 eiun_20161112_19980.rttm 0.77 0.73 0.75
 eiun_20161112_27180.rttm 0.63 0.83 0.72
 eiun_20161112_41580.rttm 0.71 0.59 0.64
 eiun_20161112_1980.rttm 0.62 0.61 0.62
 eiun_20161112_16380.rttm 0.96 0.83 0.89
 eiun_20161112_45180.rttm 0.88 0.60 0.71
 eiun_20161112_34380.rttm 0.94 0.86 0.90
 eiun_20161112_37980.rttm 0.71 0.64 0.67
 eiun_20161112_30780.rttm 0.61 0.65 0.63
 eiun_20161112_5580.rttm 0.89 0.85 0.87
 eiun_20161112_67080.rttm 0.97 0.63 0.76
 eiun_20161112_59880.rttm 0.61 0.78 0.68
 eiun_20161112_56280.rttm 0.94 0.95 0.94
 eiun_20161112_74280.rttm 0.94 0.77 0.85
 eiun_20161112_77880.rttm 0.67 0.59 0.63
 eiun_20161113_19980.rttm 0.51 0.82 0.63
 eiun_20161112_9180.rttm 0.94 0.72 0.82
 eiun_20161113_1980.rttm 0.79 0.77 0.78
 eiun_20161113_16380.rttm 0.61 0.64 0.62
 eiun_20161113_12780.rttm 0.68 0.64 0.66
 eiun_20161113_34380.rttm 0.77 0.68 0.72
 eiun_20161113_27180.rttm 0.63 0.58 0.61
 eiun_20161113_23580.rttm 0.51 0.88 0.64
 eiun_20161113_37980.rttm 0.91 0.63 0.75
 eiun_20161113_30780.rttm 0.88 0.90 0.89
 eiun_20161113_41580.rttm 0.65 0.65 0.65
 eiun_20161113_5580.rttm 0.57 0.58 0.57
 eiun_20161113_59880.rttm 0.83 0.94 0.88
 eiun_20161113_70680.rttm 0.65 0.52 0.58
 eiun_20161113_74280.rttm 0.60 0.60 0.60
 eiun_20161114_12780.rttm 0.92 0.92 0.92
 eiun_20161114_16380.rttm 0.91 0.82 0.86
 eiun_20161113_9180.rttm 0.86 0.66 0.74
 eiun_20161114_19980.rttm 0.92 0.81 0.86
 eiun_20161114_1980.rttm 0.69 0.65 0.67
 eiun_20161114_27180.rttm 0.64 0.62 0.63
 eiun_20161114_23580.rttm 0.68 0.67 0.68
 eiun_20161114_30780.rttm 0.79 0.68 0.73
 eiun_20161114_37980.rttm 0.70 0.62 0.66
 eiun_20161114_5580.rttm 0.71 0.94 0.80
 eiun_20161114_59880.rttm 0.77 0.58 0.66
 eiun_20161114_77880.rttm 0.79 0.78 0.78
 eiun_20161114_9180.rttm 0.86 0.76 0.81
 eiun_20170308_12780.rttm 0.62 0.69 0.65
 eiun_20170308_1980.rttm 0.91 0.84 0.88
 eiun_20170308_19980.rttm 0.94 0.51 0.66
 eiun_20170308_23580.rttm 0.72 0.69 0.71
 eiun_20170308_30780.rttm 0.61 0.74 0.67
 eiun_20170308_16380.rttm 0.68 0.65 0.67
 eiun_20170308_27180.rttm 0.56 0.62 0.59
 eiun_20170308_34380.rttm 0.89 0.88 0.89
 eiun_20170308_37980.rttm 0.66 0.68 0.67
 eiun_20170308_41580.rttm 0.78 0.55 0.64
 eiun_20170308_52380.rttm 0.89 0.55 0.68
 eiun_20170308_5580.rttm 0.61 0.63 0.62
 eiun_20170308_67080.rttm 0.77 0.67 0.72
 eiun_20170309_12780.rttm 0.80 0.83 0.81
 eiun_20170308_9180.rttm 0.55 0.61 0.58
 eiun_20170308_77880.rttm 0.59 0.65 0.62
 eiun_20170309_16380.rttm 0.80 0.86 0.83
 eiun_20170309_19980.rttm 0.57 0.60 0.59
 eiun_20170309_23580.rttm 0.51 0.50 0.51
 eiun_20170309_27180.rttm 0.70 0.86 0.77
 eiun_20170309_1980.rttm 0.84 0.84 0.84
 eiun_20170309_34380.rttm 0.76 0.63 0.69
 eiun_20170309_5580.rttm 0.62 0.70 0.66
 eiun_20170309_30780.rttm 0.66 0.66 0.66
 eiun_20170310_12780.rttm 0.57 0.57 0.57
 eiun_20170309_9180.rttm 0.88 0.71 0.79
 eiun_20170310_1980.rttm 0.54 0.84 0.66
 eiun_20170310_16380.rttm 0.67 0.68 0.67
 eiun_20170310_23580.rttm 0.94 0.95 0.95
 eiun_20170310_30780.rttm 0.55 0.95 0.70
 eiun_20170310_19980.rttm 0.82 0.74 0.78
 eiun_20170310_27180.rttm 0.59 0.80 0.68
 eiun_20170310_41580.rttm 0.53 0.68 0.60
 eiun_20170310_34380.rttm 0.60 0.63 0.61
 eiun_20170310_37980.rttm 0.53 0.50 0.52
 eiun_20170310_48780.rttm 0.66 0.66 0.66
 eiun_20170310_45180.rttm 0.92 0.85 0.88
 eiun_20170310_5580.rttm 0.69 0.60 0.64
 eoak_20160714_12780.rttm 0.81 0.86 0.83
 eiun_20170310_9180.rttm 0.52 0.73 0.61
 eoak_20160714_16380.rttm 0.73 0.70 0.71
 eoak_20160714_19980.rttm 0.58 0.58 0.58
 eoak_20160714_23580.rttm 0.64 0.64 0.64
 eoak_20160714_1980.rttm 0.78 0.52 0.62
 eoak_20160714_27180.rttm 0.90 0.74 0.81
 eoak_20160714_34380.rttm 0.75 0.66 0.70
 eoak_20160714_30780.rttm 0.83 0.59 0.69
 eoak_20160714_5580.rttm 0.66 0.69 0.68
 eoak_20160714_37980.rttm 0.83 0.69 0.76
 eoak_20160714_41580.rttm 0.65 0.66 0.66
 eoak_20160714_9180.rttm 0.65 0.61 0.63
 eoak_20160715_1980.rttm 0.60 0.61 0.60
 eoak_20160715_16380.rttm 0.54 0.51 0.52
 eoak_20160715_12780.rttm 0.83 0.84 0.83
 eoak_20160715_19980.rttm 0.51 0.55 0.53
 eoak_20160715_23580.rttm 0.70 0.57 0.63
 eoak_20160715_27180.rttm 0.74 0.50 0.60
 eoak_20160715_30780.rttm 0.51 0.51 0.51
 eoak_20160715_34380.rttm 0.53 0.54 0.54
 eoak_20160715_48780.rttm 0.79 0.52 0.63
 eoak_20160715_41580.rttm 0.64 0.57 0.61
 eoak_20160715_45180.rttm 0.51 0.59 0.55
 eoak_20160715_5580.rttm 0.72 0.60 0.65
 eoak_20160715_9180.rttm 0.60 0.59 0.60
 eoak_20160716_12780.rttm 0.65 0.62 0.64
 eoak_20160716_16380.rttm 0.60 0.54 0.57
 eoak_20160716_23580.rttm 0.73 0.60 0.66
 eoak_20160716_1980.rttm 0.84 0.57 0.68
 eoak_20160716_27180.rttm 0.54 0.57 0.56
 eoak_20160716_19980.rttm 0.64 0.57 0.60
 eoak_20160716_30780.rttm 0.71 0.52 0.60
 eoak_20160716_9180.rttm 0.63 0.59 0.61
 eoak_20160716_37980.rttm 1.00 0.60 0.75
 eoak_20160716_5580.rttm 0.60 0.65 0.62
 eoak_20160717_19980.rttm 0.60 0.64 0.62
 eoak_20160717_16380.rttm 0.56 0.51 0.53
 eoak_20160717_1980.rttm 0.71 0.71 0.71
 eoak_20160717_23580.rttm 0.65 0.66 0.65
 eoak_20160717_27180.rttm 0.64 0.52 0.57
 eoak_20160717_30780.rttm 0.57 0.56 0.56
 eoak_20160717_34380.rttm 0.86 0.82 0.84
 eoak_20160717_41580.rttm 0.72 0.78 0.75
 eoak_20160717_37980.rttm 0.65 0.56 0.60
 eoak_20160717_5580.rttm 0.81 0.76 0.78
 eoak_20160717_9180.rttm 0.52 0.54 0.53
 eoak_20161112_1980.rttm 0.58 0.54 0.56
 eoak_20161112_19980.rttm 0.79 0.54 0.64
 eoak_20161112_16380.rttm 0.59 0.58 0.59
 eoak_20161112_12780.rttm 0.55 0.55 0.55
 eoak_20161112_23580.rttm 0.60 0.60 0.60
 eoak_20161112_30780.rttm 0.77 0.54 0.64
 eoak_20161112_34380.rttm 0.80 0.73 0.76
 eoak_20161112_27180.rttm 0.52 0.54 0.53
 eoak_20161112_37980.rttm 0.55 0.63 0.59
 eoak_20161112_5580.rttm 0.64 0.58 0.61
 eoak_20161112_41580.rttm 0.76 0.64 0.70
 eoak_20161113_12780.rttm 0.90 0.51 0.66
 eoak_20161113_16380.rttm 0.51 0.55 0.53
 eoak_20161113_1980.rttm 0.70 0.74 0.72
 eoak_20161113_23580.rttm 0.55 0.99 0.70
 eoak_20161113_19980.rttm 0.76 0.67 0.71
 eoak_20161113_27180.rttm 0.80 0.58 0.67
 eoak_20161113_30780.rttm 0.50 0.64 0.56
 eoak_20161113_34380.rttm 0.54 0.53 0.53
 eoak_20161113_37980.rttm 1.00 0.50 0.67
 eoak_20161113_5580.rttm 0.68 0.76 0.72
 eoak_20161114_12780.rttm 0.75 0.55 0.63
 eoak_20161114_19980.rttm 0.96 0.51 0.67
 eoak_20161114_1980.rttm 0.75 0.52 0.61
 eoak_20161114_16380.rttm 0.81 0.69 0.74
 eoak_20170311_16380.rttm 0.66 0.60 0.63
 eoak_20170311_12780.rttm 0.64 0.63 0.63
 eoak_20161114_23580.rttm 0.65 0.59 0.62
 eoak_20161114_27180.rttm 0.77 0.72 0.75
 eoak_20161114_9180.rttm 0.65 0.63 0.64
 eoak_20161114_30780.rttm 0.55 0.54 0.54
 eoak_20170311_27180.rttm 0.92 0.55 0.69
 eoak_20170311_1980.rttm 0.63 0.53 0.58
 eoak_20170311_41580.rttm 0.94 0.63 0.75
 eoak_20170311_34380.rttm 0.80 0.67 0.73
 eoak_20170311_37980.rttm 0.77 0.81 0.79
 eoak_20170311_19980.rttm 0.56 0.56 0.56
 eoak_20170311_23580.rttm 0.55 0.54 0.54
 eoak_20170311_30780.rttm 0.67 0.64 0.66
 eoak_20170311_5580.rttm 0.65 0.64 0.65
 eoak_20170311_77880.rttm 0.74 0.79 0.77
 eoak_20170311_9180.rttm 0.63 0.77 0.70
 eoak_20170312_16380.rttm 0.60 0.60 0.60
 eoak_20170311_81480.rttm 0.67 0.66 0.67
 eoak_20170312_23580.rttm 0.74 0.67 0.70
 eoak_20170312_27180.rttm 0.60 0.58 0.59
 eoak_20170312_19980.rttm 0.78 0.62 0.69
 eoak_20170312_12780.rttm 0.55 0.54 0.55
 eoak_20170312_1980.rttm 0.56 0.50 0.53
 eoak_20170312_30780.rttm 0.61 0.63 0.62
 eoak_20170312_37980.rttm 0.62 0.61 0.61
 eoak_20170312_34380.rttm 0.56 0.62 0.59
 eoak_20170312_5580.rttm 0.78 0.56 0.65
 eoak_20170312_67080.rttm 0.67 0.71 0.69
 eoak_20170312_81480.rttm 0.64 0.65 0.64
 eoak_20170312_9180.rttm 0.82 0.73 0.77
 eoak_20170313_16380.rttm 0.68 0.60 0.63
 eoak_20170313_19980.rttm 0.60 0.60 0.60
 eoak_20170313_12780.rttm 0.63 0.64 0.64
 eoak_20170313_1980.rttm 0.59 0.59 0.59
 eoak_20170313_27180.rttm 0.80 0.64 0.71
 eoak_20170313_23580.rttm 0.55 0.56 0.55
 eoak_20170313_37980.rttm 0.57 0.58 0.58
 eoak_20170313_30780.rttm 0.66 0.61 0.63
 eoak_20170313_34380.rttm 0.73 0.74 0.74
 eoak_20170313_5580.rttm 0.56 0.56 0.56
 eoak_20170313_52380.rttm 0.84 0.53 0.65
 eoak_20170313_48780.rttm 0.94 0.61 0.74
 eoak_20170313_77880.rttm 0.55 0.55 0.55
 eoak_20170313_9180.rttm 0.58 0.57 0.58
 eoxk_20170314_12780.rttm 0.67 0.55 0.60
 eoxk_20170314_1980.rttm 0.75 0.61 0.67
 eoxk_20170314_19980.rttm 0.87 0.70 0.78
 eoxk_20170314_23580.rttm 0.82 0.84 0.83
 eoxk_20170314_37980.rttm 0.86 0.80 0.83
 eoxk_20170314_16380.rttm 0.61 0.63 0.62
 eoxk_20170314_34380.rttm 0.58 0.59 0.59
 eoxk_20170314_30780.rttm 0.69 0.72 0.70
 eoxk_20170314_52380.rttm 0.63 0.61 0.62
 eoxk_20170314_9180.rttm 0.63 0.61 0.62
 eoxk_20170315_19980.rttm 0.83 0.54 0.65
 eoxk_20170315_16380.rttm 0.86 0.60 0.71
 eoxk_20170315_27180.rttm 0.66 0.66 0.66
 eoxk_20170315_12780.rttm 0.77 0.64 0.70
 eoxk_20170315_41580.rttm 0.74 0.75 0.75
 eoxk_20170315_23580.rttm 0.65 0.64 0.64
 eoxk_20170315_34380.rttm 0.86 0.74 0.80
 eoxk_20170315_1980.rttm 0.90 0.68 0.77
 eoxk_20170315_45180.rttm 0.76 0.77 0.76
 eoxk_20170315_5580.rttm 1.00 0.67 0.80
 eoxk_20170315_30780.rttm 0.63 0.59 0.61
 eoxk_20170315_55980.rttm 0.73 0.84 0.78
 eoxk_20170315_37980.rttm 0.70 0.80 0.74
 eoxk_20170315_9180.rttm 0.77 0.59 0.67
 noxk_20160714_12780.rttm 0.97 0.52 0.67
 noxk_20160714_16380.rttm 0.87 0.58 0.69
 noxk_20160714_1980.rttm 0.71 0.67 0.69
 noxk_20160714_23580.rttm 0.77 0.92 0.84
 noxk_20160714_30780.rttm 0.86 0.89 0.87
 noxk_20160714_34380.rttm 0.80 0.76 0.78
 noxk_20160714_19980.rttm 0.79 0.69 0.74
 noxk_20160714_27180.rttm 0.73 0.72 0.72
 noxk_20160714_5580.rttm 0.60 0.89 0.72
 noxk_20160714_37980.rttm 0.67 0.60 0.63
 noxk_20160714_9180.rttm 0.60 0.71 0.65
 noxk_20160714_41580.rttm 0.96 0.61 0.75
 noxk_20160715_12780.rttm 0.66 0.64 0.65
 noxk_20160715_1980.rttm 0.65 0.61 0.63
 noxk_20160715_19980.rttm 0.90 0.83 0.87
 noxk_20160715_23580.rttm 0.69 0.68 0.69
 noxk_20160715_30780.rttm 0.73 0.72 0.72
 noxk_20160715_27180.rttm 0.69 0.68 0.69
 noxk_20160715_5580.rttm 0.69 0.65 0.67
 noxk_20160715_9180.rttm 0.72 0.76 0.74
 noxk_20160715_37980.rttm 0.71 0.74 0.73
 noxk_20160716_16380.rttm 0.67 0.56 0.61
 noxk_20160716_1980.rttm 0.69 0.65 0.67
 noxk_20160716_19980.rttm 0.71 0.54 0.61
 noxk_20160715_34380.rttm 0.63 0.70 0.66
 noxk_20160716_30780.rttm 0.68 0.71 0.69
 noxk_20160716_27180.rttm 0.53 0.51 0.52
 noxk_20160716_23580.rttm 0.81 0.89 0.85
 noxk_20160716_34380.rttm 0.70 0.67 0.69
 noxk_20160716_12780.rttm 0.68 0.69 0.69
 noxk_20160716_37980.rttm 0.69 0.75 0.72
 noxk_20160716_45180.rttm 0.86 0.51 0.64
 noxk_20160716_5580.rttm 0.68 0.66 0.67
 noxk_20160716_55980.rttm 0.68 1.00 0.81
 noxk_20160716_9180.rttm 0.72 0.74 0.73
 noxk_20160717_12780.rttm 0.77 0.77 0.77
 noxk_20160717_16380.rttm 0.77 0.57 0.66
 noxk_20160717_19980.rttm 0.57 0.57 0.57
 noxk_20160717_1980.rttm 0.59 0.62 0.60
 noxk_20160717_30780.rttm 0.67 0.69 0.68
 noxk_20160717_23580.rttm 0.77 0.75 0.76
 noxk_20160717_27180.rttm 0.83 0.80 0.81
 noxk_20160717_5580.rttm 0.61 0.65 0.63
 noxk_20160717_9180.rttm 0.64 0.59 0.61
 noxk_20160717_34380.rttm 0.71 0.75 0.73
 noxk_20161109_12780.rttm 0.76 0.70 0.73
 noxk_20161109_16380.rttm 0.66 0.58 0.62
 noxk_20161109_23580.rttm 0.67 0.87 0.76
 noxk_20161109_27180.rttm 0.59 0.57 0.58
 noxk_20161109_1980.rttm 0.84 0.85 0.85
 noxk_20161109_34380.rttm 0.63 0.68 0.65
 noxk_20161109_30780.rttm 0.52 0.73 0.61
 noxk_20161109_5580.rttm 0.69 0.68 0.69
 noxk_20161109_9180.rttm 0.75 0.54 0.62
 noxk_20161110_12780.rttm 0.66 0.69 0.68
 noxk_20161110_16380.rttm 0.92 0.61 0.73
 noxk_20161110_19980.rttm 0.76 0.58 0.66
 noxk_20161110_23580.rttm 0.54 0.59 0.56
 noxk_20161110_1980.rttm 0.53 0.86 0.66
 noxk_20161110_30780.rttm 1.00 0.51 0.67
 noxk_20161110_27180.rttm 0.72 0.53 0.61
 noxk_20161110_5580.rttm 0.68 0.69 0.68
 noxk_20161110_9180.rttm 0.56 0.81 0.66
 noxk_20161111_12780.rttm 0.68 0.62 0.65
 noxk_20161111_23580.rttm 0.86 0.52 0.65
 noxk_20161111_30780.rttm 0.96 0.74 0.84
 noxk_20161111_1980.rttm 0.71 0.59 0.65
 noxk_20161111_27180.rttm 0.56 0.55 0.56
 noxk_20161111_34380.rttm 0.83 0.51 0.63
 noxk_20161111_5580.rttm 0.92 0.80 0.86
 noxk_20161111_9180.rttm 0.79 0.59 0.68
 noxk_20170311_16380.rttm 0.64 0.59 0.61
 noxk_20170311_12780.rttm 0.89 0.58 0.71
 noxk_20170311_1980.rttm 0.62 0.62 0.62
 noxk_20170311_30780.rttm 0.70 0.55 0.61
 noxk_20170311_34380.rttm 0.89 0.66 0.76
 noxk_20170311_27180.rttm 0.78 0.65 0.71
 noxk_20170311_23580.rttm 0.75 0.74 0.75
 noxk_20170311_19980.rttm 0.82 0.74 0.78
 noxk_20170311_37980.rttm 0.70 0.65 0.68
 noxk_20170311_5580.rttm 0.69 0.55 0.61
 noxk_20170311_9180.rttm 0.93 0.54 0.68
 noxk_20170312_12780.rttm 0.64 0.65 0.65
 noxk_20170312_16380.rttm 0.67 0.66 0.66
 noxk_20170312_1980.rttm 0.79 0.58 0.67
 noxk_20170312_23580.rttm 0.75 0.75 0.75
 noxk_20170312_19980.rttm 0.64 0.65 0.65
 noxk_20170312_27180.rttm 0.74 0.72 0.73
 noxk_20170312_30780.rttm 0.74 0.74 0.74
 noxk_20170312_37980.rttm 0.62 0.56 0.59
 noxk_20170312_34380.rttm 0.61 0.63 0.62
 noxk_20170312_9180.rttm 0.55 0.65 0.59
 noxk_20170312_5580.rttm 0.73 0.66 0.69
 noxk_20170313_12780.rttm 0.72 0.72 0.72
 noxk_20170313_16380.rttm 0.82 0.82 0.82
 noxk_20170313_1980.rttm 0.65 0.58 0.62
 noxk_20170313_23580.rttm 0.76 0.76 0.76
 noxk_20170313_19980.rttm 0.61 0.62 0.61
 noxk_20170313_27180.rttm 0.84 0.83 0.84
 noxk_20170313_34380.rttm 0.61 0.69 0.65
 noxk_20170313_30780.rttm 0.71 0.75 0.73
 noxk_20170313_5580.rttm 0.65 0.66 0.65
 noxk_20170313_9180.rttm 0.66 0.71 0.68
 noxk_20170313_37980.rttm 0.84 0.76 0.80
 noxt_20160715_12780.rttm 0.55 0.53 0.54
 noxt_20160715_16380.rttm 0.58 0.60 0.59
 noxt_20160715_19980.rttm 0.71 0.60 0.65
 noxt_20160715_1980.rttm 0.54 0.56 0.55
 noxt_20160715_27180.rttm 0.81 0.69 0.74
 noxt_20160715_30780.rttm 0.61 0.61 0.61
 noxt_20160715_23580.rttm 0.67 0.88 0.76
 noxt_20160715_34380.rttm 0.65 0.61 0.63
 noxt_20160715_9180.rttm 0.62 0.56 0.59
 noxt_20160716_12780.rttm 0.55 0.56 0.55
 noxt_20160715_5580.rttm 0.59 0.51 0.54
 noxt_20160716_16380.rttm 0.74 0.59 0.66
 noxt_20160716_1980.rttm 0.61 0.57 0.59
 noxt_20160716_27180.rttm 0.56 0.57 0.56
 noxt_20160716_19980.rttm 0.65 0.63 0.64
 noxt_20160716_23580.rttm 0.53 0.53 0.53
 noxt_20160716_30780.rttm 0.83 0.69 0.76
 noxt_20160716_34380.rttm 0.76 0.66 0.71
 noxt_20160717_12780.rttm 0.53 0.51 0.52
 noxt_20160716_9180.rttm 0.67 0.63 0.65
 noxt_20160716_5580.rttm 0.62 0.60 0.61
 noxt_20160717_16380.rttm 0.71 0.62 0.66
 noxt_20160717_1980.rttm 0.72 0.58 0.64
 noxt_20160717_23580.rttm 0.68 0.57 0.62
 noxt_20160717_19980.rttm 0.55 0.55 0.55
 noxt_20160717_27180.rttm 0.57 0.61 0.59
 noxt_20160717_37980.rttm 0.70 0.79 0.74
 noxt_20160717_41580.rttm 0.69 0.64 0.66
 noxt_20160717_5580.rttm 0.65 0.65 0.65
 noxt_20160717_30780.rttm 0.74 0.57 0.64
 noxt_20160717_34380.rttm 0.74 0.59 0.66
 noxt_20160717_9180.rttm 0.68 0.60 0.64
 noxt_20170314_16380.rttm 0.87 0.86 0.86
 noxt_20170314_1980.rttm 0.59 0.68 0.63
 noxt_20170314_23580.rttm 0.83 0.74 0.78
 noxt_20170314_27180.rttm 0.58 0.71 0.64
 noxt_20170314_19980.rttm 0.67 0.55 0.61
 noxt_20170314_37980.rttm 0.78 0.64 0.71
 noxt_20170314_41580.rttm 0.97 0.94 0.95
 noxt_20170315_16380.rttm 0.83 0.83 0.83
 noxt_20170314_9180.rttm 0.93 0.95 0.94
 noxt_20170315_1980.rttm 0.68 0.60 0.64
 noxt_20170315_19980.rttm 0.77 0.93 0.84
 noxt_20170315_23580.rttm 0.90 1.00 0.95
 noxt_20170315_30780.rttm 0.70 0.72 0.71
 noxt_20170315_27180.rttm 0.58 0.65 0.62
 noxt_20170315_34380.rttm 0.73 0.68 0.71
 noxt_20170315_45180.rttm 0.93 0.69 0.79
 noxt_20170315_41580.rttm 0.69 0.56 0.61
 oegd_20160710_12780.rttm 0.87 0.89 0.88
 noxt_20170315_5580.rttm 0.71 0.57 0.63
 oegd_20160710_19980.rttm 0.67 0.61 0.64
 oegd_20160710_23580.rttm 0.58 0.71 0.64
 oegd_20160710_16380.rttm 0.93 0.76 0.83
 oegd_20160710_1980.rttm 0.56 0.56 0.56
 oegd_20160710_27180.rttm 0.84 0.75 0.80
 oegd_20160710_30780.rttm 0.56 0.55 0.56
 oegd_20160710_37980.rttm 0.94 0.96 0.95
 oegd_20160710_5580.rttm 0.79 0.55 0.64
 oegd_20160711_12780.rttm 0.58 0.63 0.60
 oegd_20160710_9180.rttm 0.52 0.66 0.58
 oegd_20160711_16380.rttm 0.65 0.55 0.60
 oegd_20160711_1980.rttm 0.82 0.52 0.64
 oegd_20160711_23580.rttm 0.72 0.64 0.67
 oegd_20160711_19980.rttm 0.59 0.61 0.60
 oegd_20160711_27180.rttm 0.63 0.62 0.62
 oegd_20160711_30780.rttm 0.62 0.61 0.61
 oegd_20160711_34380.rttm 0.96 0.64 0.77
 oegd_20160711_37980.rttm 0.70 0.73 0.71
 oegd_20160711_41580.rttm 0.87 0.87 0.87
 oegd_20160711_9180.rttm 0.54 0.58 0.56
 oegd_20160712_12780.rttm 0.64 0.67 0.65
 oegd_20160712_16380.rttm 0.88 0.51 0.65
 oegd_20160711_5580.rttm 0.64 0.78 0.70
 oegd_20160712_1980.rttm 0.53 0.53 0.53
 oegd_20160712_23580.rttm 0.57 0.58 0.57
 oegd_20160712_19980.rttm 0.79 0.65 0.72
 oegd_20160712_30780.rttm 0.75 0.79 0.77
 oegd_20160712_27180.rttm 0.54 0.62 0.58
 oegd_20160712_34380.rttm 0.66 0.69 0.67
 oegd_20160712_37980.rttm 0.87 0.92 0.90
 oegd_20160712_5580.rttm 0.67 0.73 0.70
 oegd_20160712_9180.rttm 0.69 0.75 0.72
 oegd_20160713_12780.rttm 0.72 0.58 0.64
 oegd_20160713_1980.rttm 0.62 0.59 0.61
 oegd_20160713_16380.rttm 0.58 0.68 0.62
 oegd_20160713_23580.rttm 0.66 0.59 0.62
 oegd_20160713_30780.rttm 0.58 0.58 0.58
 oegd_20160713_27180.rttm 0.61 0.50 0.55
 oegd_20160713_34380.rttm 0.59 0.54 0.57
 oegd_20160713_37980.rttm 0.64 0.62 0.63
 oegd_20160713_45180.rttm 0.74 0.74 0.74
 oegd_20160713_41580.rttm 0.52 0.50 0.51
 oegd_20160713_9180.rttm 0.79 0.77 0.78
 oegd_20161109_16380.rttm 0.82 0.63 0.71
 oegd_20161109_1980.rttm 0.78 0.72 0.75
 oegd_20161109_12780.rttm 0.85 0.76 0.80
 oegd_20160713_5580.rttm 0.70 0.70 0.70
 oegd_20161109_23580.rttm 0.82 0.63 0.71
 oegd_20161109_30780.rttm 0.71 0.60 0.65
 oegd_20161109_27180.rttm 0.76 0.63 0.69
 oegd_20161109_34380.rttm 0.88 0.61 0.72
 oegd_20161109_19980.rttm 0.72 0.77 0.74
 oegd_20161109_37980.rttm 0.63 0.54 0.58
 oegd_20161109_41580.rttm 0.51 0.54 0.53
 oegd_20161109_45180.rttm 0.66 0.54 0.59
 oegd_20161109_48780.rttm 0.53 0.54 0.53
 oegd_20161109_5580.rttm 0.66 0.71 0.68
 oegd_20161109_9180.rttm 0.79 0.62 0.69
 oegd_20161110_12780.rttm 0.67 0.67 0.67
 oegd_20161110_16380.rttm 0.62 0.51 0.56
 oegd_20161110_1980.rttm 0.88 0.56 0.69
 oegd_20161110_19980.rttm 0.84 0.52 0.64
 oegd_20161110_37980.rttm 1.00 0.52 0.69
 oegd_20161110_23580.rttm 0.86 0.71 0.78
 oegd_20161110_30780.rttm 0.54 0.55 0.54
 oegd_20161110_27180.rttm 1.00 0.86 0.92
 oegd_20161110_41580.rttm 1.00 0.51 0.68
 oegd_20161110_5580.rttm 0.67 0.64 0.65
 oegd_20161110_34380.rttm 0.84 0.70 0.76
 oegd_20161110_9180.rttm 0.91 0.75 0.82
 oegd_20161111_12780.rttm 0.63 0.60 0.61
 oegd_20161111_19980.rttm 0.85 0.54 0.66
 oegd_20161111_16380.rttm 0.80 0.69 0.74
 oegd_20161111_23580.rttm 0.82 0.72 0.77
 oegd_20161111_1980.rttm 0.67 0.56 0.61
 oegd_20161111_27180.rttm 0.59 0.60 0.60
 oegd_20161111_41580.rttm 0.66 0.63 0.64
 oegd_20161111_30780.rttm 0.58 0.54 0.56
 oegd_20161111_34380.rttm 0.86 0.65 0.74
 oegd_20161111_37980.rttm 0.57 0.55 0.56
 oegd_20161111_5580.rttm 0.66 0.63 0.65
 oegd_20161111_48780.rttm 0.82 0.71 0.76
 oegd_20161111_9180.rttm 0.66 0.61 0.64
 oegd_20170308_12780.rttm 0.79 0.59 0.68
 oegd_20170308_16380.rttm 0.54 0.54 0.54
 oegd_20170308_1980.rttm 0.86 0.76 0.81
 oegd_20170308_27180.rttm 0.61 0.58 0.60
 oegd_20170308_23580.rttm 0.71 0.60 0.65
 oegd_20170308_19980.rttm 0.55 0.56 0.56
 oegd_20170308_30780.rttm 0.71 0.63 0.67
 oegd_20170308_34380.rttm 0.57 0.60 0.58
 oegd_20170308_5580.rttm 0.69 0.70 0.69
 oegd_20170309_12780.rttm 0.77 0.60 0.67
 oegd_20170308_37980.rttm 0.80 0.56 0.66
 oegd_20170308_48780.rttm 0.68 0.64 0.66
 oegd_20170309_16380.rttm 0.59 0.58 0.59
 oegd_20170308_9180.rttm 0.78 0.74 0.76
 oegd_20170309_1980.rttm 0.85 0.78 0.81
 oegd_20170309_19980.rttm 0.56 0.56 0.56
 oegd_20170309_23580.rttm 0.69 0.61 0.65
 oegd_20170309_27180.rttm 0.62 0.59 0.61
 oegd_20170309_30780.rttm 0.74 0.58 0.65
 oegd_20170309_34380.rttm 0.64 0.57 0.61
 oegd_20170309_37980.rttm 0.80 0.56 0.66
 oegd_20170309_5580.rttm 0.59 0.66 0.62
 oegd_20170309_52380.rttm 0.74 0.60 0.67
 oegd_20170309_48780.rttm 0.66 0.66 0.66
 oegd_20170309_59880.rttm 0.74 0.52 0.61
 oegd_20170309_63480.rttm 0.59 0.69 0.64
 oegd_20170309_70680.rttm 0.80 0.57 0.67
 oegd_20170309_74280.rttm 0.89 0.56 0.69
 oegd_20170309_67080.rttm 0.92 0.93 0.93
 oegd_20170309_77880.rttm 0.73 0.94 0.82
 oegd_20170309_81480.rttm 0.53 0.53 0.53
 oegd_20170309_9180.rttm 0.88 0.76 0.81
 oegd_20170309_85080.rttm 1.00 0.61 0.76
 oegd_20170309_88680.rttm 0.59 0.58 0.59
 oegd_20170310_16380.rttm 0.59 0.69 0.64
 oegd_20170310_12780.rttm 0.54 0.57 0.55
 oegd_20170310_1980.rttm 0.88 0.71 0.78
 oegd_20170310_23580.rttm 0.75 0.55 0.63
 oegd_20170310_19980.rttm 0.63 0.65 0.64
 oegd_20170310_27180.rttm 0.58 0.57 0.57
 oegd_20170310_34380.rttm 0.65 0.58 0.61
 oegd_20170310_30780.rttm 0.63 0.58 0.60
 oegd_20170310_37980.rttm 0.71 0.65 0.68
 oegd_20170310_41580.rttm 0.93 1.00 0.96
 oegd_20170310_48780.rttm 0.73 1.00 0.85
 oekd_20160710_12780.rttm 0.67 0.69 0.68
 oegd_20170310_45180.rttm 0.65 0.80 0.72
 oegd_20170310_5580.rttm 0.53 0.63 0.57
 oegd_20170310_9180.rttm 0.64 0.74 0.69
 oekd_20160710_23580.rttm 0.54 0.68 0.61
 oekd_20160710_1980.rttm 0.53 0.50 0.52
 oekd_20160710_19980.rttm 0.65 0.61 0.63
 oekd_20160710_16380.rttm 0.72 0.64 0.68
 oekd_20160710_34380.rttm 0.85 0.74 0.79
 oekd_20160710_27180.rttm 0.70 0.65 0.67
 oekd_20160710_37980.rttm 0.73 0.74 0.74
 oekd_20160710_30780.rttm 0.62 0.59 0.60
 oekd_20160710_41580.rttm 0.89 0.91 0.90
 oekd_20160710_9180.rttm 0.51 0.51 0.51
 oekd_20160710_5580.rttm 0.54 0.54 0.54
 oekd_20160711_16380.rttm 0.77 0.66 0.71
 oekd_20160711_1980.rttm 0.63 0.69 0.66
 oekd_20160711_12780.rttm 0.65 0.64 0.65
 oekd_20160711_19980.rttm 0.51 0.53 0.52
 oekd_20160711_23580.rttm 0.67 0.79 0.73
 oekd_20160711_27180.rttm 0.79 0.54 0.64
 oekd_20160711_30780.rttm 0.83 0.56 0.67
 oekd_20160711_37980.rttm 0.99 0.62 0.76
 oekd_20160711_41580.rttm 0.65 0.61 0.63
 oekd_20160711_34380.rttm 0.75 0.51 0.60
 oekd_20160711_5580.rttm 0.68 0.68 0.68
 oekd_20160711_9180.rttm 0.61 0.53 0.57
 oekd_20160712_12780.rttm 0.60 0.57 0.58
 oekd_20160712_16380.rttm 0.84 0.67 0.75
 oekd_20160712_19980.rttm 0.97 0.50 0.66
 oekd_20160712_27180.rttm 0.88 0.52 0.65
 oekd_20160712_1980.rttm 0.95 0.75 0.84
 oekd_20160712_23580.rttm 0.52 0.52 0.52
 oekd_20160712_37980.rttm 0.66 0.68 0.67
 oekd_20160712_30780.rttm 0.63 0.62 0.62
 oekd_20160712_34380.rttm 0.69 0.59 0.63
 oekd_20160712_41580.rttm 1.00 1.00 1.00
 oekd_20160712_5580.rttm 0.58 0.59 0.59
 oekd_20160712_9180.rttm 0.55 0.57 0.56
 oekd_20160713_12780.rttm 0.95 0.88 0.92
 oekd_20160713_16380.rttm 0.56 0.58 0.57
 oekd_20160713_1980.rttm 0.70 0.64 0.67
 oekd_20160713_23580.rttm 0.66 0.56 0.60
 oekd_20160713_30780.rttm 0.57 0.61 0.58
 oekd_20160713_27180.rttm 0.80 0.76 0.78
 oekd_20160713_37980.rttm 0.58 0.57 0.57
 oekd_20160713_34380.rttm 1.00 0.52 0.69
 oekd_20160713_41580.rttm 0.76 0.67 0.71
 oekd_20160713_5580.rttm 0.51 0.52 0.51
 oekd_20161109_12780.rttm 0.94 0.74 0.83
 oekd_20161109_16380.rttm 0.89 0.54 0.67
 oekd_20160713_9180.rttm 0.76 0.54 0.63
 oekd_20161109_1980.rttm 0.70 0.70 0.70
 oekd_20161109_23580.rttm 0.63 0.60 0.61
 oekd_20161109_30780.rttm 1.00 0.50 0.67
 oekd_20161109_34380.rttm 1.00 0.55 0.71
 oekd_20161109_27180.rttm 0.68 0.68 0.68
 oekd_20161109_5580.rttm 0.50 0.53 0.52
 oekd_20161109_9180.rttm 0.77 0.65 0.71
 oekd_20161109_37980.rttm 0.55 0.58 0.56
 oekd_20161110_12780.rttm 0.58 0.57 0.57
 oekd_20161110_16380.rttm 0.66 0.59 0.63
 oekd_20161110_19980.rttm 0.61 0.64 0.62
 oekd_20161110_1980.rttm 0.58 0.57 0.57
 oekd_20161110_30780.rttm 0.82 0.52 0.63
 oekd_20161110_27180.rttm 0.74 0.59 0.66
 oekd_20161110_34380.rttm 0.71 0.59 0.65
 oekd_20161110_23580.rttm 0.64 0.66 0.65
 oekd_20161110_41580.rttm 0.89 0.93 0.91
 oekd_20161110_37980.rttm 1.00 0.50 0.67
 oekd_20161110_5580.rttm 0.95 0.52 0.67
 oekd_20161110_9180.rttm 0.55 0.53 0.54
 oekd_20161111_12780.rttm 0.69 0.68 0.69
 oekd_20161111_16380.rttm 0.65 0.55 0.60
 oekd_20161111_1980.rttm 0.55 0.51 0.53
 oekd_20161111_19980.rttm 0.62 0.63 0.63
 oekd_20161111_41580.rttm 0.67 0.60 0.63
 oekd_20161111_34380.rttm 0.71 0.56 0.63
 oekd_20161111_23580.rttm 0.70 0.68 0.69
 oekd_20161111_37980.rttm 0.60 0.55 0.57
 oekd_20161111_30780.rttm 0.82 0.74 0.78
 oekd_20161111_27180.rttm 0.62 0.69 0.65
 oekd_20161111_5580.rttm 0.78 0.67 0.72
 oekd_20161111_9180.rttm 0.84 0.88 0.86
 oekd_20170308_12780.rttm 0.69 0.55 0.61
 oekd_20170308_23580.rttm 0.70 0.53 0.60
 oekd_20170308_19980.rttm 0.87 0.60 0.71
 oekd_20170308_1980.rttm 0.85 0.79 0.82
 oekd_20170308_16380.rttm 0.72 0.71 0.71
 oekd_20170308_34380.rttm 0.58 0.59 0.58
 oekd_20170308_27180.rttm 0.77 0.81 0.79
 oekd_20170308_37980.rttm 0.63 0.61 0.62
 oekd_20170308_30780.rttm 0.55 0.54 0.54
 oekd_20170308_52380.rttm 0.83 0.83 0.83
 oekd_20170308_5580.rttm 0.73 0.70 0.72
 oekd_20170308_9180.rttm 0.83 0.70 0.76
 oekd_20170309_27180.rttm 0.71 0.63 0.66
 oekd_20170309_12780.rttm 0.78 0.53 0.63
 oekd_20170309_1980.rttm 0.89 0.73 0.81
 oekd_20170309_16380.rttm 0.65 0.67 0.66
 oekd_20170309_19980.rttm 0.84 0.63 0.72
 oekd_20170309_23580.rttm 0.64 0.60 0.62
 oekd_20170309_37980.rttm 0.61 0.61 0.61
 oekd_20170309_34380.rttm 0.63 0.59 0.61
 oekd_20170309_30780.rttm 0.56 0.57 0.56
 oekd_20170309_48780.rttm 0.87 0.73 0.79
 oekd_20170309_52380.rttm 0.86 0.83 0.84
 oekd_20170309_5580.rttm 0.68 0.66 0.67
 oekd_20170309_63480.rttm 0.53 0.53 0.53
 oekd_20170309_67080.rttm 0.73 0.52 0.61
 oekd_20170309_70680.rttm 0.65 0.70 0.67
 oekd_20170309_59880.rttm 0.90 0.63 0.74
 oekd_20170309_74280.rttm 0.73 0.60 0.66
 oekd_20170309_81480.rttm 0.56 0.55 0.55
 oekd_20170309_77880.rttm 0.54 0.51 0.52
 oekd_20170309_92280.rttm 0.58 0.63 0.61
 oekd_20170309_88680.rttm 0.85 0.81 0.83
 oekd_20170309_85080.rttm 0.57 0.57 0.57
 oekd_20170309_95880.rttm 0.70 0.69 0.69
 oekd_20170309_9180.rttm 0.85 0.69 0.76
 oekd_20170309_99480.rttm 1.00 1.00 1.00
 oekd_20170310_16380.rttm 0.61 0.64 0.63
 oekd_20170310_12780.rttm 0.51 0.60 0.55
 oekd_20170310_1980.rttm 0.93 0.80 0.86
 oekd_20170310_19980.rttm 0.78 0.83 0.80
 oekd_20170310_23580.rttm 0.60 0.62 0.61
 oekd_20170310_41580.rttm 0.58 0.75 0.66
 oekd_20170310_34380.rttm 0.66 0.66 0.66
 oekd_20170310_37980.rttm 0.58 0.58 0.58
 oekd_20170310_30780.rttm 0.73 0.75 0.74
 oekd_20170310_27180.rttm 0.56 0.66 0.61
 oekd_20170310_45180.rttm 0.64 0.61 0.63
 oekd_20170310_5580.rttm 0.65 0.64 0.65
 oekd_20170310_9180.rttm 0.59 0.59 0.59
 outg_20170314_16380.rttm 0.64 0.60 0.62
 outg_20170314_12780.rttm 0.74 0.71 0.72
 outg_20170314_19980.rttm 0.83 0.57 0.67
 outg_20170314_23580.rttm 0.68 0.65 0.66
 outg_20170314_27180.rttm 0.56 0.57 0.57
 outg_20170314_1980.rttm 0.80 0.76 0.78
 outg_20170314_30780.rttm 0.61 0.56 0.59
 outg_20170314_34380.rttm 0.71 0.60 0.65
 outg_20170314_41580.rttm 0.60 0.95 0.73
 outg_20170314_52380.rttm 0.78 0.79 0.79
 outg_20170314_37980.rttm 0.76 0.74 0.75
 outg_20170314_9180.rttm 0.51 0.67 0.58
 outg_20170315_16380.rttm 0.52 0.54 0.53
 outg_20170314_5580.rttm 0.65 0.55 0.60
 outg_20170315_19980.rttm 0.56 0.66 0.61
 outg_20170315_1980.rttm 0.96 0.60 0.74
 outg_20170315_12780.rttm 0.61 0.59 0.60
 outg_20170315_30780.rttm 0.89 0.97 0.93
 outg_20170315_27180.rttm 0.99 0.98 0.98
 outg_20170315_23580.rttm 0.65 0.80 0.72
 outg_20170315_34380.rttm 0.51 0.57 0.54
 outg_20170315_37980.rttm 0.64 0.78 0.70
 outg_20170315_41580.rttm 0.67 0.69 0.68
 outg_20170315_45180.rttm 0.77 0.78 0.77
 outg_20170315_48780.rttm 0.63 0.76 0.69
 outg_20170315_5580.rttm 0.97 0.78 0.86
 outg_20170315_9180.rttm 0.67 0.62 0.64
 uebn_20160710_16380.rttm 0.90 0.55 0.68
 uebn_20160710_1980.rttm 0.81 0.58 0.68
 uebn_20160710_12780.rttm 0.57 0.57 0.57
 uebn_20160710_23580.rttm 0.52 0.52 0.52
 uebn_20160710_30780.rttm 0.78 0.50 0.61
 uebn_20160710_27180.rttm 0.64 0.52 0.57
 uebn_20160710_5580.rttm 0.85 0.50 0.63
 uebn_20160710_52380.rttm 0.54 0.57 0.55
 uebn_20160711_12780.rttm 0.91 0.56 0.70
 uebn_20160710_9180.rttm 0.94 0.51 0.67
 uebn_20160711_16380.rttm 0.68 0.60 0.64
 uebn_20160711_1980.rttm 0.92 0.54 0.68
 uebn_20160711_19980.rttm 0.83 0.61 0.70
 uebn_20160711_27180.rttm 1.00 0.57 0.73
 uebn_20160711_23580.rttm 0.55 0.62 0.58
 uebn_20160711_34380.rttm 0.60 0.53 0.56
 uebn_20160711_30780.rttm 0.92 0.51 0.65
 uebn_20160711_37980.rttm 0.80 0.60 0.68
 uebn_20160711_41580.rttm 0.77 0.56 0.65
 uebn_20160711_5580.rttm 0.70 0.69 0.70
 uebn_20160711_9180.rttm 1.00 0.53 0.69
 uebn_20160712_1980.rttm 0.59 0.57 0.58
 uebn_20160712_9180.rttm 0.52 0.50 0.51
 uebn_20160712_5580.rttm 0.61 0.63 0.62
 uebn_20160712_12780.rttm 0.61 0.59 0.60
 uebn_20160713_19980.rttm 0.63 0.56 0.60
 uebn_20160713_12780.rttm 0.97 0.64 0.77
 uebn_20160713_1980.rttm 0.63 0.61 0.62
 uebn_20160713_16380.rttm 0.77 0.72 0.74
 uebn_20160713_23580.rttm 0.60 0.61 0.60
 uebn_20160713_27180.rttm 0.62 0.54 0.58
 uebn_20160713_37980.rttm 0.93 0.53 0.67
 uebn_20160713_30780.rttm 0.50 0.52 0.51
 uebn_20160713_5580.rttm 1.00 0.78 0.88
 uebn_20160713_34380.rttm 0.84 0.50 0.63
 uebn_20160713_9180.rttm 0.61 0.64 0.63
 uebn_20161112_12780.rttm 0.82 0.55 0.66
 uebn_20161112_16380.rttm 0.58 0.67 0.62
 uebn_20161112_23580.rttm 0.82 0.53 0.65
 uebn_20161112_1980.rttm 0.94 0.83 0.88
 uebn_20161112_19980.rttm 0.68 0.65 0.66
 uebn_20161112_30780.rttm 0.59 0.59 0.59
 uebn_20161112_27180.rttm 0.69 0.50 0.58
 uebn_20161112_34380.rttm 1.00 0.58 0.73
 uebn_20161112_37980.rttm 1.00 0.67 0.80
 uebn_20161112_41580.rttm 0.61 0.69 0.65
 uebn_20161112_45180.rttm 0.65 0.67 0.66
 uebn_20161113_1980.rttm 0.53 0.55 0.54
 uebn_20161112_5580.rttm 0.95 0.60 0.73
 uebn_20161112_9180.rttm 0.58 0.59 0.58
 uebn_20161113_16380.rttm 0.71 0.67 0.69
 uebn_20161113_12780.rttm 0.86 0.62 0.72
 uebn_20161113_19980.rttm 1.00 0.85 0.92
 uebn_20161113_23580.rttm 0.56 0.90 0.69
 uebn_20161113_30780.rttm 0.94 0.63 0.76
 uebn_20161113_27180.rttm 1.00 0.88 0.94
 uebn_20161113_37980.rttm 0.82 0.63 0.71
 uebn_20161113_34380.rttm 0.79 0.53 0.63
 uebn_20161113_41580.rttm 0.93 0.91 0.92
 uebn_20161113_5580.rttm 0.51 1.00 0.68
 uebn_20161114_16380.rttm 1.00 0.79 0.88
 uebn_20161114_12780.rttm 1.00 0.55 0.71
 uebn_20161114_19980.rttm 0.95 0.52 0.67
 uebn_20161114_1980.rttm 0.94 0.52 0.67
 uebn_20161114_27180.rttm 1.00 0.70 0.83
 uebn_20161114_23580.rttm 0.84 0.56 0.67
 uebn_20161114_30780.rttm 0.75 0.52 0.61
 uebn_20161114_5580.rttm 0.93 0.82 0.88
 uebn_20170308_12780.rttm 0.93 0.84 0.88
 uebn_20170308_1980.rttm 0.89 0.88 0.88
 uebn_20170308_19980.rttm 0.93 0.71 0.81
 uebn_20170308_16380.rttm 0.67 0.53 0.60
 uebn_20170308_23580.rttm 0.90 0.70 0.79
 uebn_20161114_9180.rttm 1.00 0.70 0.82
 uebn_20170308_30780.rttm 0.74 0.78 0.76
 uebn_20170308_27180.rttm 0.64 0.63 0.64
 uebn_20170308_41580.rttm 0.73 0.73 0.73
 uebn_20170308_34380.rttm 0.79 0.77 0.78
 uebn_20170308_37980.rttm 0.63 0.62 0.63
 uebn_20170308_45180.rttm 0.65 0.66 0.66
 uebn_20170308_5580.rttm 0.91 0.53 0.67
 uebn_20170308_9180.rttm 0.55 0.64 0.59
 uebn_20170309_12780.rttm 0.98 0.84 0.91
 uebn_20170309_16380.rttm 0.57 0.55 0.56
 uebn_20170309_23580.rttm 0.89 0.70 0.79
 uebn_20170309_19980.rttm 0.88 0.70 0.78
 uebn_20170309_1980.rttm 0.82 0.88 0.85
 uebn_20170309_27180.rttm 0.64 0.62 0.63
 uebn_20170309_45180.rttm 0.64 0.65 0.64
 uebn_20170309_37980.rttm 0.68 0.68 0.68
 uebn_20170309_41580.rttm 0.69 0.69 0.69
 uebn_20170309_30780.rttm 0.80 0.79 0.80
 uebn_20170309_34380.rttm 0.70 0.75 0.73
 uebn_20170309_5580.rttm 0.96 0.52 0.68
 uebn_20170309_56280.rttm 0.66 0.66 0.66
 uebn_20170309_63480.rttm 0.54 0.65 0.59
 uebn_20170309_59880.rttm 0.90 0.57 0.70
 uebn_20170309_67080.rttm 0.58 0.57 0.58
 uebn_20170309_70680.rttm 0.60 0.59 0.59
 uebn_20170309_74280.rttm 0.56 0.65 0.60
 uebn_20170309_81480.rttm 0.76 0.76 0.76
 uebn_20170309_77880.rttm 0.69 0.62 0.66
 uebn_20170309_92280.rttm 0.66 0.68 0.67
 uebn_20170309_88680.rttm 0.92 0.62 0.74
 uebn_20170309_9180.rttm 0.52 0.63 0.57
 uebn_20170310_12780.rttm 0.59 0.60 0.60
 uebn_20170309_99480.rttm 0.72 0.68 0.70
 uebn_20170310_16380.rttm 0.62 0.62 0.62
 uebn_20170309_85080.rttm 0.74 0.71 0.72
 uebn_20170310_1980.rttm 0.70 0.69 0.69
 uebn_20170310_27180.rttm 0.58 0.68 0.62
 uebn_20170310_19980.rttm 0.79 0.58 0.67
 uebn_20170310_23580.rttm 0.94 0.79 0.86
 uebn_20170310_30780.rttm 0.76 0.68 0.72
 uebn_20170310_37980.rttm 0.87 0.51 0.64
 uebn_20170310_34380.rttm 0.77 0.56 0.65
 uebn_20170310_45180.rttm 0.53 0.53 0.53
 uebn_20170310_9180.rttm 0.70 0.60 0.64
 uebn_20170310_5580.rttm 0.81 0.60 0.69
 uoga_20170311_16380.rttm 0.68 0.63 0.65
 uoga_20170311_1980.rttm 0.87 0.74 0.80
 uoga_20170311_19980.rttm 0.77 0.72 0.74
 uoga_20170311_12780.rttm 0.87 0.62 0.72
 uoga_20170311_23580.rttm 0.82 0.66 0.73
 uoga_20170311_27180.rttm 0.77 0.70 0.73
 uoga_20170311_34380.rttm 0.59 0.67 0.63
 uoga_20170311_30780.rttm 0.88 0.91 0.90
 uoga_20170311_41580.rttm 0.51 0.55 0.53
 uoga_20170311_48780.rttm 0.58 0.62 0.60
 uoga_20170311_52380.rttm 0.78 0.77 0.78
 uoga_20170311_45180.rttm 0.71 0.71 0.71
 uoga_20170311_5580.rttm 0.73 0.76 0.74
 uoga_20170311_9180.rttm 0.70 0.61 0.65
 uoga_20170312_12780.rttm 0.78 0.70 0.74
 uoga_20170312_16380.rttm 0.64 0.64 0.64
 uoga_20170312_1980.rttm 0.85 0.57 0.68
 uoga_20170312_23580.rttm 0.65 0.66 0.66
 uoga_20170312_19980.rttm 0.68 0.66 0.67
 uoga_20170312_30780.rttm 0.73 0.65 0.69
 uoga_20170312_27180.rttm 0.57 0.57 0.57
 uoga_20170312_34380.rttm 0.59 0.66 0.62
 uoga_20170312_5580.rttm 0.84 0.51 0.64
 uoga_20170312_9180.rttm 0.76 0.72 0.74
 uoga_20170313_16380.rttm 0.95 0.55 0.70
 uoga_20170313_12780.rttm 0.74 0.68 0.70
 uoga_20170313_19980.rttm 0.68 0.69 0.69
 uoga_20170313_1980.rttm 0.73 0.62 0.67
 uoga_20170313_23580.rttm 0.53 0.55 0.54
 uoga_20170313_34380.rttm 0.85 0.75 0.80
 uoga_20170313_27180.rttm 0.77 0.85 0.81
 uoga_20170313_37980.rttm 0.90 0.55 0.68
 uoga_20170313_41580.rttm 0.73 0.74 0.74
 uoga_20170313_45180.rttm 0.74 0.75 0.74
 uoga_20170313_30780.rttm 0.71 0.68 0.70
 uoga_20170313_48780.rttm 0.72 0.66 0.69
 uoga_20170313_9180.rttm 0.68 0.53 0.60
 uoga_20170313_5580.rttm 0.79 0.54 0.64
